[[35386, 17092],[35257, 17090],[35128, 17088],[34999, 17086],[34870, 17084],[34742, 17082],[34613, 17080],[34484, 17078],[34355, 17076],[34227, 17074],[34098, 17072],[33969, 17070],[33840, 17068],[33712, 17066],[33583, 17064],[33454, 17062],[33325, 17060],[33197, 17058],[33068, 17056],[32939, 17054],[32810, 17052],[32682, 17050],[32553, 17048],[32424, 17046],[32295, 17044],[32167, 17042],[32038, 17040],[31909, 17038],[31780, 17036],[31652, 17034],[31523, 17032],[31394, 17031],[31265, 17029],[31137, 17027],[31008, 17025],[30879, 17023],[30750, 17021],[30622, 17019],[30493, 17017],[30364, 17015],[30235, 17013],[30107, 17011],[29978, 17009],[29849, 17007],[29720, 17005],[29592, 17002],[29463, 17000],[29334, 16998],[29206, 16996],[29077, 16994],[28948, 16992],[28819, 16990],[28691, 16987],[28562, 16985],[28433, 16983],[28304, 16980],[28176, 16978],[28047, 16975],[27918, 16973],[27790, 16970],[27661, 16968],[27532, 16965],[27404, 16962],[27275, 16959],[27146, 16956],[27018, 16953],[26889, 16950],[26761, 16947],[26632, 16943],[26503, 16939],[26375, 16936],[26246, 16931],[26118, 16927],[25990, 16922],[25861, 16917],[25733, 16912],[25605, 16906],[25477, 16899],[25349, 16892],[25221, 16884],[25094, 16875],[24967, 16864],[24840, 16852],[24715, 16837],[24591, 16820],[24470, 16798],[24353, 16769],[24246, 16732],[24153, 16680],[24074, 16606],[23999, 16512],[23915, 16409],[23822, 16309],[23721, 16216],[23615, 16131],[23502, 16054],[23385, 15985],[23264, 15923],[23139, 15870],[23012, 15824],[22882, 15786],[22751, 15755],[22619, 15731],[22487, 15713],[22353, 15702],[22220, 15696],[22087, 15696],[21954, 15702],[21821, 15712],[21689, 15728],[21558, 15748],[21429, 15772],[21304, 15798],[21189, 15816],[21083, 15815],[20983, 15789],[20883, 15739],[20783, 15675],[20684, 15601],[20587, 15523],[20490, 15441],[20395, 15357],[20300, 15272],[20205, 15186],[20111, 15099],[20017, 15011],[19923, 14923],[19830, 14835],[19736, 14747],[19643, 14658],[19550, 14570],[19457, 14481],[19363, 14392],[19270, 14303],[19177, 14215],[19084, 14126],[18991, 14037],[18897, 13948],[18804, 13859],[18711, 13770],[18618, 13681],[18524, 13592],[18431, 13504],[18338, 13415],[18244, 13326],[18151, 13238],[18058, 13149],[17964, 13060],[17871, 12971],[17778, 12883],[17684, 12794],[17591, 12705],[17498, 12617],[17404, 12528],[17311, 12439],[17218, 12350],[17124, 12262],[17031, 12173],[16938, 12084],[16844, 11996],[16751, 11907],[16657, 11818],[16564, 11730],[16471, 11641],[16377, 11552],[16284, 11464],[16191, 11375],[16098, 11286],[16004, 11197],[15911, 11109],[15818, 11020],[15724, 10931],[15631, 10842],[15538, 10754],[15445, 10665],[15352, 10576],[15259, 10487],[15165, 10398],[15072, 10309],[14979, 10220],[14886, 10131],[14793, 10042],[14700, 9953],[14607, 9864],[14515, 9775],[14422, 9686],[14329, 9596],[14237, 9507],[14144, 9418],[14051, 9328],[13959, 9239],[13867, 9149],[13774, 9059],[13682, 8970],[13590, 8880],[13498, 8790],[13407, 8700],[13315, 8609],[13224, 8519],[13132, 8428],[13041, 8338],[12950, 8247],[12860, 8156],[12769, 8065],[12679, 7973],[12589, 7881],[12499, 7789],[12410, 7697],[12321, 7605],[12232, 7512],[12144, 7419],[12056, 7325],[11968, 7232],[11881, 7138],[11795, 7043],[11709, 6948],[11623, 6853],[11538, 6757],[11454, 6660],[11370, 6563],[11287, 6466],[11204, 6368],[11122, 6270],[11041, 6171],[10960, 6071],[10880, 5971],[10801, 5871],[10723, 5770],[10645, 5668],[10567, 5566],[10490, 5463],[10414, 5360],[10339, 5257],[10263, 5153],[10189, 5049],[10115, 4944],[10041, 4839],[9967, 4734],[9894, 4628],[9821, 4522],[9749, 4416],[9677, 4310],[9605, 4203],[9533, 4097],[9461, 3990],[9390, 3883],[9318, 3776],[9247, 3669],[9176, 3562],[9105, 3454],[9034, 3347],[8963, 3240],[8892, 3132],[8821, 3025],[8751, 2917],[8680, 2810],[8609, 2702],[8538, 2595],[8467, 2487],[8397, 2379],[8326, 2272],[8255, 2164],[8184, 2057],[8113, 1949],[8042, 1842],[7971, 1734],[7900, 1627],[7830, 1519],[7759, 1412],[7689, 1304],[7618, 1196],[7547, 1088],[7476, 980],[7402, 873],[7327, 766],[7250, 659],[7167, 555],[7078, 452],[6979, 355],[6867, 266],[6742, 193],[6605, 141],[6464, 112],[6324, 100],[6187, 101],[6053, 110],[5921, 124],[5791, 141],[5663, 161],[5534, 182],[5407, 203],[5280, 225],[5153, 248],[5026, 270],[4899, 292],[4773, 314],[4646, 335],[4519, 357],[4392, 379],[4265, 401],[4138, 422],[4011, 445],[3884, 467],[3757, 489],[3630, 512],[3503, 534],[3376, 558],[3249, 581],[3122, 605],[2995, 629],[2869, 654],[2742, 679],[2615, 705],[2488, 731],[2362, 759],[2235, 787],[2109, 817],[1983, 847],[1857, 880],[1731, 913],[1605, 949],[1480, 987],[1355, 1028],[1231, 1072],[1108, 1120],[986, 1173],[865, 1231],[746, 1296],[631, 1369],[520, 1452],[417, 1547],[324, 1654],[244, 1774],[182, 1903],[138, 2039],[111, 2178],[100, 2317],[101, 2451],[112, 2586],[130, 2719],[155, 2851],[184, 2980],[218, 3108],[254, 3234],[293, 3359],[335, 3483],[378, 3606],[423, 3728],[468, 3849],[515, 3970],[563, 4091],[612, 4211],[661, 4330],[711, 4450],[761, 4569],[811, 4687],[862, 4806],[913, 4925],[965, 5043],[1016, 5161],[1067, 5279],[1119, 5397],[1170, 5515],[1221, 5633],[1271, 5751],[1322, 5869],[1372, 5988],[1422, 6106],[1471, 6225],[1521, 6344],[1570, 6462],[1619, 6581],[1667, 6700],[1716, 6819],[1764, 6938],[1811, 7058],[1859, 7177],[1905, 7297],[1952, 7416],[1998, 7536],[2043, 7656],[2087, 7776],[2130, 7896],[2171, 8016],[2209, 8136],[2245, 8259],[2282, 8382],[2318, 8506],[2355, 8629],[2394, 8762],[2478, 8912],[2632, 8977],[2753, 9023],[2873, 9068],[2991, 9113],[3102, 9161],[3200, 9215],[3272, 9274],[3307, 9353],[3317, 9464],[3332, 9593],[3348, 9722],[3364, 9850],[3382, 9978],[3400, 10106],[3418, 10234],[3436, 10361],[3455, 10489],[3474, 10617],[3494, 10744],[3513, 10871],[3533, 10999],[3553, 11126],[3573, 11254],[3594, 11381],[3614, 11508],[3634, 11635],[3655, 11763],[3676, 11890],[3697, 12017],[3718, 12144],[3739, 12271],[3760, 12398],[3781, 12525],[3803, 12652],[3824, 12779],[3845, 12907],[3867, 13034],[3889, 13161],[3911, 13288],[3933, 13414],[3954, 13541],[3977, 13668],[3999, 13795],[4021, 13922],[4043, 14049],[4065, 14176],[4088, 14303],[4110, 14430],[4133, 14557],[4156, 14683],[4179, 14810],[4201, 14937],[4224, 15064],[4248, 15191],[4271, 15317],[4294, 15444],[4317, 15571],[4341, 15697],[4364, 15824],[4388, 15951],[4412, 16078],[4436, 16204],[4460, 16331],[4485, 16457],[4509, 16584],[4534, 16711],[4559, 16837],[4584, 16964],[4610, 17090],[4636, 17217],[4662, 17343],[4689, 17469],[4716, 17596],[4745, 17722],[4774, 17849],[4807, 17977],[4845, 18105],[4889, 18230],[4934, 18352],[4980, 18474],[5027, 18595],[5076, 18715],[5127, 18835],[5180, 18955],[5234, 19073],[5289, 19191],[5347, 19308],[5406, 19424],[5467, 19540],[5530, 19654],[5596, 19767],[5663, 19880],[5732, 19991],[5803, 20100],[5876, 20209],[5952, 20316],[6029, 20421],[6109, 20525],[6191, 20627],[6276, 20728],[6362, 20827],[6451, 20923],[6542, 21018],[6635, 21111],[6730, 21201],[6828, 21289],[6927, 21375],[7029, 21459],[7132, 21540],[7237, 21618],[7345, 21694],[7454, 21767],[7564, 21838],[7676, 21906],[7790, 21972],[7905, 22035],[8022, 22095],[8140, 22153],[8259, 22208],[8379, 22260],[8500, 22310],[8622, 22358],[8745, 22403],[8869, 22445],[8993, 22486],[9118, 22524],[9244, 22560],[9370, 22593],[9497, 22625],[9624, 22654],[9751, 22682],[9879, 22707],[10008, 22731],[10136, 22753],[10265, 22773],[10394, 22791],[10523, 22808],[10652, 22823],[10781, 22837],[10911, 22849],[11040, 22859],[11170, 22869],[11299, 22877],[11429, 22883],[11559, 22889],[11688, 22893],[11818, 22896],[11948, 22898],[12077, 22899],[12207, 22899],[12337, 22897],[12465, 22896],[12594, 22894],[12723, 22893],[12851, 22892],[12980, 22891],[13108, 22890],[13237, 22890],[13365, 22890],[13493, 22891],[13620, 22893],[13751, 22898],[13891, 22894],[14027, 22869],[14156, 22842],[14282, 22813],[14409, 22782],[14534, 22751],[14660, 22719],[14785, 22686],[14910, 22653],[15034, 22619],[15159, 22584],[15283, 22549],[15408, 22513],[15532, 22477],[15656, 22440],[15780, 22402],[15903, 22364],[16027, 22324],[16149, 22283],[16271, 22243],[16393, 22204],[16514, 22168],[16634, 22134],[16752, 22107],[16859, 22093],[16935, 22099],[16974, 22147],[16994, 22239],[17005, 22349],[16996, 22489],[17064, 22667],[17226, 22751],[17368, 22782],[17502, 22800],[17633, 22813],[17764, 22823],[17894, 22830],[18023, 22836],[18153, 22841],[18282, 22846],[18411, 22849],[18540, 22853],[18669, 22855],[18798, 22858],[18927, 22860],[19056, 22862],[19185, 22863],[19314, 22865],[19443, 22866],[19572, 22867],[19701, 22868],[19830, 22869],[19958, 22870],[20087, 22871],[20216, 22872],[20345, 22872],[20474, 22873],[20603, 22873],[20731, 22874],[20860, 22874],[20989, 22875],[21118, 22875],[21247, 22875],[21375, 22876],[21504, 22876],[21633, 22876],[21762, 22876],[21891, 22877],[22019, 22877],[22148, 22877],[22277, 22877],[22406, 22877],[22534, 22877],[22663, 22878],[22792, 22878],[22921, 22878],[23050, 22878],[23178, 22878],[23307, 22878],[23436, 22878],[23565, 22878],[23693, 22878],[23822, 22878],[23951, 22879],[24080, 22879],[24208, 22879],[24337, 22879],[24466, 22879],[24595, 22879],[24724, 22879],[24852, 22879],[24981, 22879],[25110, 22879],[25239, 22879],[25367, 22880],[25496, 22880],[25625, 22880],[25754, 22880],[25882, 22880],[26011, 22880],[26140, 22880],[26269, 22880],[26397, 22881],[26526, 22881],[26655, 22881],[26784, 22881],[26912, 22881],[27041, 22882],[27170, 22882],[27299, 22883],[27427, 22883],[27556, 22884],[27685, 22884],[27813, 22885],[27942, 22886],[28071, 22886],[28200, 22887],[28328, 22888],[28457, 22889],[28586, 22890],[28715, 22890],[28843, 22891],[28972, 22892],[29101, 22893],[29230, 22894],[29358, 22895],[29487, 22896],[29616, 22897],[29745, 22898],[29873, 22899],[30002, 22901],[30131, 22902],[30260, 22903],[30388, 22904],[30517, 22905],[30646, 22906],[30775, 22908],[30903, 22909],[31032, 22910],[31161, 22911],[31290, 22913],[31418, 22914],[31547, 22915],[31676, 22917],[31805, 22918],[31933, 22920],[32062, 22921],[32191, 22923],[32319, 22924],[32448, 22926],[32577, 22927],[32706, 22929],[32834, 22930],[32963, 22932],[33092, 22934],[33221, 22935],[33349, 22937],[33478, 22939],[33607, 22941],[33736, 22942],[33864, 22944],[33993, 22946],[34122, 22948],[34251, 22950],[34379, 22951],[34508, 22953],[34637, 22955],[34766, 22957],[34894, 22959],[35023, 22960],[35152, 22962],[35281, 22964],[35409, 22966],[35538, 22968],[35667, 22969],[35796, 22971],[35924, 22973],[36053, 22975],[36182, 22977],[36311, 22978],[36439, 22980],[36568, 22982],[36697, 22984],[36826, 22986],[36954, 22987],[37083, 22989],[37212, 22991],[37341, 22993],[37475, 22995],[37610, 22984],[37740, 22968],[37868, 22952],[37996, 22936],[38124, 22921],[38252, 22905],[38379, 22889],[38507, 22873],[38635, 22857],[38763, 22842],[38891, 22826],[39018, 22810],[39146, 22794],[39274, 22779],[39402, 22763],[39530, 22747],[39657, 22731],[39785, 22715],[39913, 22700],[40041, 22684],[40169, 22667],[40297, 22650],[40425, 22633],[40553, 22615],[40681, 22597],[40809, 22578],[40937, 22558],[41065, 22538],[41192, 22517],[41320, 22495],[41447, 22472],[41575, 22449],[41702, 22424],[41829, 22399],[41956, 22372],[42083, 22344],[42210, 22315],[42336, 22285],[42462, 22252],[42588, 22219],[42714, 22183],[42839, 22145],[42963, 22105],[43087, 22063],[43210, 22018],[43333, 21971],[43454, 21920],[43574, 21866],[43693, 21808],[43810, 21746],[43926, 21681],[44039, 21610],[44149, 21535],[44256, 21455],[44360, 21370],[44459, 21280],[44554, 21186],[44644, 21086],[44729, 20982],[44808, 20873],[44882, 20761],[44951, 20646],[45013, 20528],[45071, 20408],[45124, 20286],[45172, 20163],[45216, 20038],[45256, 19912],[45293, 19786],[45326, 19659],[45356, 19531],[45383, 19401],[45405, 19268],[45420, 19134],[45425, 18997],[45419, 18858],[45399, 18719],[45363, 18583],[45314, 18452],[45251, 18328],[45180, 18211],[45102, 18100],[45020, 17995],[44934, 17894],[44845, 17796],[44753, 17700],[44652, 17607],[44542, 17521],[44420, 17448],[44292, 17390],[44160, 17346],[44028, 17313],[43896, 17289],[43764, 17270],[43634, 17256],[43503, 17244],[43373, 17235],[43243, 17228],[43114, 17221],[42984, 17216],[42855, 17212],[42726, 17208],[42597, 17205],[42468, 17202],[42339, 17200],[42210, 17197],[42081, 17195],[41952, 17193],[41823, 17191],[41694, 17189],[41566, 17187],[41437, 17185],[41308, 17183],[41179, 17181],[41051, 17179],[40922, 17177],[40793, 17175],[40664, 17173],[40536, 17171],[40407, 17169],[40278, 17167],[40149, 17165],[40021, 17163],[39892, 17161],[39763, 17159],[39634, 17157],[39506, 17155],[39377, 17153],[39248, 17151],[39119, 17149],[38991, 17147],[38862, 17145],[38733, 17143],[38604, 17141],[38476, 17139],[38347, 17137],[38218, 17135],[38089, 17133],[37961, 17131],[37832, 17129],[37703, 17127],[37574, 17125],[37446, 17123],[37317, 17121],[37188, 17119],[37059, 17117],[36931, 17115],[36802, 17113],[36673, 17111],[36544, 17109],[36416, 17107],[36287, 17105],[36158, 17103],[36029, 17101],[35901, 17099],[35772, 17097],[35643, 17096],[35514, 17094]]
[[35382, 17312],[35253, 17310],[35125, 17308],[34996, 17306],[34867, 17304],[34738, 17302],[34610, 17300],[34481, 17298],[34352, 17296],[34223, 17294],[34095, 17292],[33966, 17290],[33837, 17288],[33708, 17286],[33580, 17284],[33451, 17282],[33322, 17280],[33193, 17278],[33065, 17276],[32936, 17274],[32807, 17272],[32678, 17270],[32550, 17268],[32421, 17266],[32292, 17264],[32163, 17262],[32035, 17260],[31906, 17258],[31777, 17256],[31648, 17254],[31520, 17252],[31391, 17250],[31262, 17249],[31133, 17247],[31005, 17245],[30876, 17243],[30747, 17241],[30618, 17239],[30489, 17237],[30361, 17235],[30232, 17233],[30103, 17231],[29974, 17229],[29846, 17227],[29717, 17224],[29588, 17222],[29459, 17220],[29331, 17218],[29202, 17216],[29073, 17214],[28944, 17212],[28816, 17210],[28687, 17207],[28558, 17205],[28429, 17203],[28300, 17200],[28172, 17198],[28043, 17195],[27914, 17193],[27785, 17190],[27656, 17188],[27528, 17185],[27399, 17182],[27270, 17179],[27141, 17176],[27012, 17173],[26883, 17170],[26755, 17167],[26626, 17163],[26497, 17159],[26368, 17155],[26239, 17151],[26110, 17147],[25981, 17142],[25852, 17137],[25723, 17131],[25594, 17125],[25465, 17119],[25336, 17111],[25206, 17103],[25077, 17094],[24947, 17083],[24817, 17071],[24687, 17055],[24556, 17037],[24424, 17013],[24290, 16980],[24155, 16932],[24024, 16857],[23914, 16756],[23828, 16650],[23749, 16553],[23667, 16465],[23578, 16383],[23484, 16308],[23384, 16239],[23279, 16178],[23171, 16123],[23059, 16075],[22943, 16034],[22826, 15999],[22706, 15971],[22585, 15948],[22463, 15932],[22339, 15921],[22215, 15916],[22091, 15916],[21967, 15921],[21843, 15931],[21719, 15946],[21595, 15965],[21471, 15988],[21343, 16014],[21205, 16035],[21054, 16034],[20906, 15995],[20774, 15931],[20658, 15856],[20550, 15775],[20447, 15692],[20347, 15608],[20249, 15522],[20152, 15435],[20056, 15348],[19961, 15260],[19867, 15172],[19773, 15084],[19679, 14995],[19585, 14907],[19491, 14818],[19398, 14729],[19305, 14640],[19212, 14551],[19118, 14463],[19025, 14374],[18932, 14285],[18839, 14196],[18746, 14107],[18652, 14018],[18559, 13929],[18466, 13841],[18373, 13752],[18280, 13663],[18186, 13574],[18093, 13486],[18000, 13397],[17906, 13308],[17813, 13220],[17720, 13131],[17626, 13042],[17533, 12953],[17440, 12865],[17346, 12776],[17253, 12687],[17159, 12599],[17066, 12510],[16973, 12421],[16879, 12333],[16786, 12244],[16693, 12155],[16599, 12067],[16506, 11978],[16413, 11889],[16319, 11800],[16226, 11712],[16133, 11623],[16039, 11534],[15946, 11446],[15853, 11357],[15759, 11268],[15666, 11179],[15573, 11090],[15479, 11002],[15386, 10913],[15293, 10824],[15200, 10735],[15107, 10646],[15013, 10557],[14920, 10468],[14827, 10379],[14734, 10290],[14641, 10201],[14548, 10112],[14455, 10023],[14362, 9933],[14269, 9844],[14177, 9755],[14084, 9665],[13991, 9576],[13898, 9486],[13806, 9397],[13713, 9307],[13621, 9217],[13529, 9127],[13437, 9037],[13344, 8947],[13252, 8856],[13161, 8766],[13069, 8675],[12977, 8584],[12886, 8493],[12795, 8402],[12704, 8311],[12613, 8219],[12522, 8127],[12432, 8035],[12342, 7943],[12252, 7850],[12162, 7757],[12073, 7664],[11984, 7570],[11895, 7476],[11807, 7381],[11719, 7286],[11632, 7191],[11545, 7095],[11459, 6999],[11373, 6902],[11288, 6805],[11203, 6707],[11119, 6608],[11035, 6509],[10953, 6410],[10870, 6310],[10789, 6209],[10708, 6108],[10628, 6006],[10548, 5904],[10470, 5801],[10391, 5698],[10314, 5595],[10237, 5491],[10161, 5386],[10085, 5281],[10010, 5176],[9935, 5071],[9861, 4965],[9787, 4859],[9713, 4753],[9640, 4647],[9567, 4540],[9495, 4433],[9422, 4326],[9350, 4220],[9278, 4112],[9207, 4005],[9135, 3898],[9064, 3791],[8993, 3683],[8922, 3576],[8851, 3468],[8780, 3361],[8709, 3253],[8638, 3146],[8567, 3038],[8496, 2931],[8425, 2823],[8354, 2715],[8284, 2608],[8213, 2500],[8142, 2393],[8071, 2285],[8000, 2178],[7930, 2070],[7859, 1963],[7788, 1855],[7717, 1748],[7646, 1640],[7575, 1532],[7505, 1424],[7434, 1317],[7364, 1210],[7293, 1103],[7221, 998],[7149, 894],[7074, 792],[6998, 695],[6918, 603],[6833, 519],[6743, 448],[6647, 392],[6543, 352],[6432, 329],[6316, 320],[6195, 321],[6072, 329],[5948, 342],[5822, 359],[5697, 378],[5571, 399],[5444, 420],[5318, 442],[5191, 464],[5064, 487],[4937, 509],[4810, 531],[4683, 552],[4556, 574],[4429, 596],[4302, 617],[4175, 639],[4049, 661],[3922, 683],[3795, 706],[3669, 728],[3542, 751],[3416, 774],[3289, 797],[3163, 821],[3037, 845],[2911, 870],[2785, 895],[2660, 920],[2534, 947],[2409, 974],[2284, 1002],[2160, 1031],[2036, 1061],[1912, 1092],[1790, 1125],[1668, 1160],[1546, 1197],[1426, 1236],[1308, 1279],[1191, 1324],[1077, 1373],[965, 1426],[858, 1485],[756, 1550],[661, 1622],[574, 1701],[499, 1788],[436, 1882],[386, 1985],[351, 2094],[329, 2208],[320, 2325],[321, 2441],[331, 2562],[347, 2684],[370, 2806],[398, 2928],[430, 3049],[465, 3170],[503, 3291],[543, 3412],[585, 3532],[629, 3651],[674, 3771],[720, 3890],[767, 4009],[816, 4128],[864, 4246],[914, 4365],[963, 4483],[1014, 4601],[1064, 4719],[1115, 4837],[1166, 4955],[1218, 5073],[1269, 5191],[1321, 5309],[1372, 5428],[1423, 5546],[1474, 5665],[1524, 5783],[1575, 5902],[1625, 6021],[1674, 6140],[1724, 6259],[1773, 6378],[1822, 6498],[1871, 6617],[1920, 6737],[1968, 6857],[2016, 6976],[2063, 7096],[2110, 7217],[2157, 7337],[2203, 7458],[2249, 7579],[2294, 7701],[2338, 7823],[2380, 7947],[2419, 8072],[2456, 8196],[2493, 8320],[2529, 8443],[2566, 8567],[2599, 8682],[2623, 8746],[2710, 8771],[2830, 8817],[2951, 8862],[3074, 8909],[3199, 8964],[3326, 9034],[3448, 9142],[3519, 9295],[3536, 9440],[3550, 9567],[3566, 9694],[3582, 9821],[3600, 9948],[3617, 10075],[3636, 10202],[3654, 10329],[3673, 10457],[3692, 10584],[3711, 10711],[3731, 10838],[3751, 10965],[3770, 11092],[3791, 11219],[3811, 11346],[3831, 11473],[3852, 11600],[3872, 11727],[3893, 11854],[3914, 11981],[3935, 12108],[3956, 12235],[3977, 12362],[3998, 12489],[4019, 12616],[4041, 12743],[4062, 12870],[4084, 12997],[4106, 13123],[4127, 13250],[4149, 13377],[4171, 13504],[4193, 13631],[4215, 13757],[4238, 13884],[4260, 14011],[4282, 14138],[4305, 14264],[4327, 14391],[4350, 14518],[4372, 14645],[4395, 14771],[4418, 14898],[4441, 15024],[4464, 15151],[4487, 15278],[4510, 15404],[4534, 15531],[4557, 15657],[4581, 15784],[4604, 15910],[4628, 16037],[4652, 16163],[4676, 16289],[4701, 16416],[4725, 16542],[4750, 16668],[4775, 16794],[4800, 16920],[4825, 17046],[4851, 17172],[4877, 17298],[4904, 17423],[4931, 17548],[4959, 17673],[4988, 17797],[5019, 17919],[5054, 18037],[5096, 18156],[5140, 18275],[5185, 18395],[5232, 18513],[5280, 18631],[5329, 18748],[5380, 18865],[5433, 18981],[5487, 19096],[5543, 19210],[5601, 19323],[5661, 19435],[5722, 19546],[5785, 19656],[5850, 19765],[5917, 19873],[5986, 19979],[6057, 20084],[6130, 20187],[6205, 20289],[6282, 20389],[6361, 20488],[6443, 20585],[6526, 20680],[6611, 20773],[6699, 20864],[6788, 20953],[6880, 21040],[6973, 21124],[7069, 21207],[7166, 21287],[7266, 21365],[7367, 21440],[7470, 21513],[7574, 21583],[7681, 21651],[7788, 21717],[7898, 21780],[8009, 21840],[8121, 21898],[8234, 21954],[8349, 22007],[8465, 22058],[8582, 22106],[8700, 22152],[8819, 22196],[8938, 22237],[9059, 22276],[9180, 22313],[9302, 22348],[9425, 22380],[9548, 22411],[9672, 22440],[9796, 22466],[9921, 22491],[10046, 22514],[10171, 22536],[10297, 22555],[10423, 22573],[10550, 22590],[10676, 22604],[10803, 22618],[10930, 22630],[11057, 22640],[11184, 22649],[11312, 22657],[11439, 22664],[11567, 22669],[11695, 22673],[11822, 22676],[11950, 22678],[12078, 22679],[12206, 22679],[12334, 22677],[12463, 22676],[12592, 22674],[12721, 22673],[12849, 22672],[12978, 22671],[13108, 22670],[13237, 22670],[13366, 22670],[13495, 22671],[13626, 22673],[13752, 22678],[13868, 22675],[13984, 22654],[14108, 22627],[14232, 22598],[14356, 22569],[14480, 22538],[14604, 22506],[14728, 22473],[14852, 22440],[14976, 22406],[15100, 22372],[15223, 22337],[15346, 22302],[15469, 22266],[15592, 22229],[15715, 22192],[15837, 22154],[15959, 22115],[16080, 22074],[16203, 22034],[16327, 21994],[16452, 21956],[16580, 21921],[16714, 21890],[16862, 21873],[17038, 21905],[17168, 22043],[17211, 22201],[17225, 22347],[17214, 22463],[17226, 22519],[17296, 22543],[17406, 22566],[17527, 22582],[17652, 22594],[17778, 22603],[17905, 22611],[18033, 22617],[18161, 22622],[18289, 22626],[18417, 22630],[18545, 22633],[18674, 22635],[18802, 22638],[18931, 22640],[19059, 22642],[19188, 22643],[19317, 22645],[19445, 22646],[19574, 22647],[19702, 22648],[19831, 22649],[19960, 22650],[20089, 22651],[20217, 22652],[20346, 22652],[20475, 22653],[20603, 22653],[20732, 22654],[20861, 22654],[20990, 22655],[21118, 22655],[21247, 22655],[21376, 22656],[21505, 22656],[21633, 22656],[21762, 22656],[21891, 22657],[22020, 22657],[22148, 22657],[22277, 22657],[22406, 22657],[22535, 22657],[22663, 22658],[22792, 22658],[22921, 22658],[23050, 22658],[23178, 22658],[23307, 22658],[23436, 22658],[23565, 22658],[23694, 22658],[23822, 22658],[23951, 22659],[24080, 22659],[24209, 22659],[24337, 22659],[24466, 22659],[24595, 22659],[24724, 22659],[24852, 22659],[24981, 22659],[25110, 22659],[25239, 22659],[25368, 22660],[25496, 22660],[25625, 22660],[25754, 22660],[25883, 22660],[26011, 22660],[26140, 22660],[26269, 22660],[26398, 22661],[26526, 22661],[26655, 22661],[26784, 22661],[26913, 22661],[27042, 22662],[27171, 22662],[27299, 22663],[27428, 22663],[27557, 22664],[27686, 22664],[27815, 22665],[27943, 22666],[28072, 22666],[28201, 22667],[28330, 22668],[28459, 22669],[28587, 22670],[28716, 22670],[28845, 22671],[28974, 22672],[29103, 22673],[29231, 22674],[29360, 22675],[29489, 22676],[29618, 22677],[29746, 22678],[29875, 22679],[30004, 22681],[30133, 22682],[30262, 22683],[30390, 22684],[30519, 22685],[30648, 22686],[30777, 22688],[30905, 22689],[31034, 22690],[31163, 22691],[31292, 22693],[31421, 22694],[31549, 22695],[31678, 22697],[31807, 22698],[31936, 22700],[32064, 22701],[32193, 22703],[32322, 22704],[32451, 22706],[32580, 22707],[32708, 22709],[32837, 22710],[32966, 22712],[33095, 22714],[33224, 22715],[33352, 22717],[33481, 22719],[33610, 22721],[33739, 22722],[33867, 22724],[33996, 22726],[34125, 22728],[34254, 22730],[34382, 22731],[34511, 22733],[34640, 22735],[34769, 22737],[34897, 22739],[35026, 22740],[35155, 22742],[35284, 22744],[35412, 22746],[35541, 22748],[35670, 22749],[35799, 22751],[35927, 22753],[36056, 22755],[36185, 22757],[36314, 22758],[36443, 22760],[36571, 22762],[36700, 22764],[36829, 22766],[36958, 22767],[37086, 22769],[37215, 22771],[37344, 22773],[37467, 22775],[37588, 22765],[37713, 22750],[37841, 22734],[37969, 22718],[38097, 22702],[38225, 22686],[38352, 22671],[38480, 22655],[38608, 22639],[38736, 22623],[38864, 22608],[38991, 22592],[39119, 22576],[39247, 22560],[39375, 22544],[39503, 22529],[39630, 22513],[39758, 22497],[39886, 22481],[40013, 22465],[40141, 22449],[40268, 22432],[40395, 22415],[40522, 22397],[40649, 22379],[40776, 22360],[40903, 22341],[41030, 22320],[41156, 22300],[41282, 22278],[41408, 22256],[41534, 22233],[41660, 22208],[41785, 22183],[41910, 22157],[42035, 22130],[42159, 22101],[42283, 22071],[42407, 22040],[42529, 22007],[42652, 21972],[42773, 21935],[42894, 21897],[43014, 21856],[43133, 21812],[43250, 21767],[43366, 21718],[43481, 21667],[43594, 21612],[43705, 21554],[43813, 21492],[43919, 21426],[44021, 21356],[44120, 21282],[44216, 21204],[44308, 21121],[44395, 21034],[44477, 20943],[44555, 20847],[44628, 20748],[44696, 20645],[44759, 20538],[44817, 20429],[44871, 20317],[44920, 20203],[44966, 20086],[45007, 19968],[45046, 19848],[45080, 19727],[45113, 19605],[45142, 19483],[45167, 19361],[45187, 19239],[45200, 19117],[45205, 18997],[45200, 18879],[45183, 18763],[45154, 18650],[45112, 18540],[45059, 18434],[44996, 18331],[44926, 18232],[44849, 18134],[44768, 18039],[44684, 17946],[44598, 17857],[44510, 17774],[44417, 17703],[44318, 17643],[44212, 17595],[44099, 17557],[43982, 17528],[43860, 17506],[43737, 17488],[43612, 17475],[43486, 17464],[43359, 17455],[43232, 17447],[43104, 17441],[42976, 17436],[42848, 17432],[42720, 17428],[42591, 17425],[42463, 17422],[42334, 17420],[42206, 17417],[42077, 17415],[41949, 17413],[41820, 17411],[41691, 17409],[41562, 17407],[41434, 17405],[41305, 17403],[41176, 17401],[41047, 17399],[40919, 17397],[40790, 17395],[40661, 17393],[40532, 17391],[40404, 17389],[40275, 17387],[40146, 17385],[40017, 17383],[39888, 17381],[39760, 17379],[39631, 17377],[39502, 17375],[39373, 17373],[39245, 17371],[39116, 17369],[38987, 17367],[38858, 17365],[38730, 17363],[38601, 17361],[38472, 17359],[38343, 17357],[38215, 17355],[38086, 17353],[37957, 17351],[37828, 17349],[37700, 17347],[37571, 17345],[37442, 17343],[37313, 17341],[37185, 17339],[37056, 17337],[36927, 17335],[36798, 17333],[36670, 17331],[36541, 17329],[36412, 17327],[36283, 17325],[36155, 17323],[36026, 17321],[35897, 17319],[35768, 17317],[35640, 17315],[35511, 17314]]
[[34098, 17072],[34095, 17292]]
[[32810, 17052],[32807, 17272]]
[[31523, 17032],[31520, 17252]]
[[30235, 17013],[30232, 17233]]
[[28948, 16992],[28944, 17212]]
[[27661, 16968],[27656, 17188]]
[[26375, 16936],[26368, 17155]]
[[25094, 16875],[25077, 17094]]
[[23999, 16512],[23828, 16650]]
[[22882, 15786],[22826, 15999]]
[[21558, 15748],[21595, 15965]]
[[20490, 15441],[20347, 15608]]
[[19550, 14570],[19398, 14729]]
[[18618, 13681],[18466, 13841]]
[[17684, 12794],[17533, 12953]]
[[16751, 11907],[16599, 12067]]
[[15818, 11020],[15666, 11179]]
[[14886, 10131],[14734, 10290]]
[[13959, 9239],[13806, 9397]]
[[13041, 8338],[12886, 8493]]
[[12144, 7419],[11984, 7570]]
[[11287, 6466],[11119, 6608]]
[[10490, 5463],[10314, 5595]]
[[9749, 4416],[9567, 4540]]
[[9034, 3347],[8851, 3468]]
[[8326, 2272],[8142, 2393]]
[[7618, 1196],[7434, 1317]]
[[6742, 193],[6647, 392]]
[[5407, 203],[5444, 420]]
[[4138, 422],[4175, 639]]
[[2869, 654],[2911, 870]]
[[1605, 949],[1668, 1160]]
[[417, 1547],[574, 1701]]
[[155, 2851],[370, 2806]]
[[563, 4091],[767, 4009]]
[[1067, 5279],[1269, 5191]]
[[1570, 6462],[1773, 6378]]
[[2043, 7656],[2249, 7579]]
[[2478, 8912],[2623, 8746]]
[[3332, 9593],[3550, 9567]]
[[3513, 10871],[3731, 10838]]
[[3718, 12144],[3935, 12108]]
[[3933, 13414],[4149, 13377]]
[[4156, 14683],[4372, 14645]]
[[4388, 15951],[4604, 15910]]
[[4636, 17217],[4851, 17172]]
[[4980, 18474],[5185, 18395]]
[[5530, 19654],[5722, 19546]]
[[6276, 20728],[6443, 20585]]
[[7237, 21618],[7367, 21440]]
[[8379, 22260],[8465, 22058]]
[[9624, 22654],[9672, 22440]]
[[10911, 22849],[10930, 22630]]
[[12207, 22899],[12206, 22679]]
[[13493, 22891],[13495, 22671]]
[[14785, 22686],[14728, 22473]]
[[16027, 22324],[15959, 22115]]
[[16994, 22239],[17211, 22201]]
[[18023, 22836],[18033, 22617]]
[[19314, 22865],[19317, 22645]]
[[20603, 22873],[20603, 22653]]
[[21891, 22877],[21891, 22657]]
[[23178, 22878],[23178, 22658]]
[[24466, 22879],[24466, 22659]]
[[25754, 22880],[25754, 22660]]
[[27041, 22882],[27042, 22662]]
[[28328, 22888],[28330, 22668]]
[[29616, 22897],[29618, 22677]]
[[30903, 22909],[30905, 22689]]
[[32191, 22923],[32193, 22703]]
[[33478, 22939],[33481, 22719]]
[[34766, 22957],[34769, 22737]]
[[36053, 22975],[36056, 22755]]
[[37341, 22993],[37344, 22773]]
[[38635, 22857],[38608, 22639]]
[[39913, 22700],[39886, 22481]]
[[41192, 22517],[41156, 22300]]
[[42462, 22252],[42407, 22040]]
[[43693, 21808],[43594, 21612]]
[[44729, 20982],[44555, 20847]]
[[45293, 19786],[45080, 19727]]
[[45314, 18452],[45112, 18540]]
[[44420, 17448],[44318, 17643]]
[[43114, 17221],[43104, 17441]]
[[41823, 17191],[41820, 17411]]
[[40536, 17171],[40532, 17391]]
[[39248, 17151],[39245, 17371]]
[[37961, 17131],[37957, 17351]]
[[36673, 17111],[36670, 17331]]
[[35386, 17092],[35382, 17312]]
