[[18019, 9723],[18098, 9723],[18177, 9723],[18256, 9723],[18374, 9723],[18453, 9723],[18532, 9723],[18611, 9723],[18729, 9723],[18808, 9723],[18886, 9723],[18965, 9723],[19044, 9723],[19162, 9723],[19241, 9723],[19320, 9723],[19399, 9723],[19517, 9723],[19596, 9723],[19675, 9723],[19754, 9723],[19872, 9723],[19951, 9723],[20030, 9723],[20109, 9723],[20227, 9723],[20306, 9723],[20385, 9723],[20463, 9723],[20582, 9723],[20660, 9723],[20739, 9723],[20818, 9723],[20870, 9720],[20988, 9760],[21094, 9762],[21173, 9762],[21252, 9762],[21370, 9762],[21449, 9762],[21528, 9762],[21607, 9762],[21725, 9762],[21770, 9758],[21849, 9798],[21909, 9792],[22008, 9861],[22125, 9916],[22203, 9916],[22264, 9949],[22382, 9989],[22479, 10034],[22592, 10038],[22671, 10038],[22750, 10038],[22868, 10038],[22981, 10034],[23088, 9984],[23204, 9918],[23293, 9789],[23374, 9706],[23414, 9628],[23490, 9552],[23579, 9418],[23611, 9352],[23690, 9273],[23737, 9182],[23805, 9079],[23887, 8997],[23939, 8897],[23966, 8839],[24053, 8748],[24102, 8610],[24137, 8542],[24176, 8463],[24220, 8373],[24267, 8231],[24270, 8124],[24270, 8046],[24270, 7967],[24270, 7848],[24270, 7770],[24265, 7657],[24227, 7584],[24227, 7466],[24187, 7381],[24191, 7336],[24188, 7230],[24149, 7111],[24147, 7026],[24108, 6947],[24112, 6902],[24109, 6796],[24062, 6653],[24029, 6592],[24033, 6547],[24030, 6441],[23991, 6323],[23989, 6238],[23950, 6159],[23951, 6086],[23912, 5968],[23911, 5883],[23871, 5804],[23873, 5732],[23833, 5613],[23832, 5528],[23792, 5449],[23794, 5377],[23754, 5259],[23753, 5173],[23714, 5094],[23714, 5016],[23676, 4943],[23676, 4825],[23635, 4740],[23639, 4695],[23636, 4588],[23597, 4470],[23599, 4419],[23595, 4306],[23557, 4234],[23560, 4143],[23560, 4064],[23560, 3985],[23560, 3906],[23560, 3788],[23560, 3709],[23560, 3630],[23560, 3551],[23560, 3433],[23560, 3354],[23556, 3309],[23595, 3231],[23599, 3118],[23597, 3027],[23635, 2955],[23635, 2876],[23676, 2790],[23676, 2672],[23703, 2628],[23742, 2550],[23787, 2460],[23826, 2342],[23861, 2274],[23911, 2166],[23905, 2105],[23974, 2007],[24018, 1919],[24058, 1840],[24102, 1751],[24141, 1632],[24176, 1564],[24215, 1485],[24255, 1406],[24299, 1317],[24338, 1199],[24373, 1130],[24399, 1073],[24475, 998],[24565, 864],[24596, 797],[24662, 733],[24730, 665],[24832, 597],[24902, 562],[24952, 534],[24997, 538],[25115, 538],[25194, 538],[25273, 538],[25352, 538],[25470, 538],[25549, 538],[25628, 538],[25673, 534],[25758, 574],[25904, 577],[25948, 573],[26027, 612],[26113, 614],[26231, 653],[26337, 656],[26382, 652],[26467, 693],[26586, 693],[26658, 731],[26737, 731],[26822, 771],[26941, 771],[27013, 809],[27126, 814],[27177, 811],[27295, 850],[27368, 849],[27446, 888],[27559, 892],[27611, 890],[27729, 929],[27801, 928],[27880, 967],[27965, 969],[28084, 1008],[28190, 1011],[28269, 1011],[28320, 1008],[28439, 1047],[28545, 1050],[28624, 1050],[28675, 1047],[28793, 1087],[28900, 1090],[28978, 1090],[29057, 1090],[29136, 1090],[29254, 1090],[29333, 1090],[29412, 1090],[29491, 1090],[29609, 1090],[29688, 1090],[29767, 1090],[29846, 1090],[29964, 1090],[30043, 1090],[30122, 1090],[30228, 1087],[30346, 1047],[30398, 1050],[30476, 1050],[30583, 1047],[30701, 1008],[30752, 1011],[30831, 1011],[30944, 1007],[31016, 969],[31107, 971],[31186, 971],[31299, 967],[31371, 929],[31462, 932],[31541, 932],[31654, 928],[31726, 890],[31817, 892],[31896, 892],[32008, 888],[32081, 850],[32172, 853],[32250, 853],[32363, 849],[32436, 811],[32526, 814],[32605, 814],[32718, 809],[32797, 770],[32842, 774],[32988, 771],[33073, 731],[33118, 735],[33197, 735],[33342, 732],[33428, 691],[33473, 695],[33579, 693],[33697, 653],[33749, 656],[33827, 656],[33934, 653],[34052, 614],[34103, 617],[34182, 617],[34288, 614],[34407, 574],[34458, 577],[34571, 573],[34650, 534],[34695, 538],[34813, 538],[34926, 534],[35005, 494],[35049, 498],[35195, 496],[35280, 455],[35325, 459],[35404, 459],[35550, 456],[35635, 415],[35680, 419],[35786, 417],[35905, 377],[35956, 380],[36035, 380],[36114, 380],[36232, 380],[36311, 380],[36390, 380],[36469, 380],[36475, 360],[36567, 457],[36646, 536],[36698, 579],[36686, 622],[36726, 741],[36723, 792],[36723, 871],[36726, 922],[36686, 1040],[36688, 1113],[36659, 1163],[36625, 1232],[36556, 1335],[36488, 1403],[36424, 1468],[36342, 1510],[36212, 1639],[36148, 1705],[36069, 1744],[35990, 1823],[35908, 1865],[35778, 1994],[35714, 2060],[35636, 2099],[35553, 2181],[35435, 2259],[35345, 2349],[35266, 2427],[35198, 2496],[35080, 2575],[35005, 2651],[34926, 2690],[34832, 2782],[34725, 2890],[34650, 2927],[34556, 3019],[34477, 3098],[34371, 3206],[34295, 3242],[34201, 3334],[34138, 3400],[34055, 3442],[33925, 3571],[33862, 3637],[33783, 3676],[33689, 3768],[33582, 3876],[33507, 3912],[33413, 4004],[33346, 4073],[33227, 4152],[33137, 4241],[33073, 4307],[32979, 4359],[32879, 4504],[32835, 4593],[32795, 4671],[32744, 4785],[32741, 4931],[32741, 5010],[32741, 5089],[32741, 5168],[32744, 5274],[32783, 5392],[32785, 5478],[32824, 5556],[32823, 5629],[32870, 5772],[32914, 5861],[32943, 5911],[32941, 5984],[32980, 6102],[32978, 6153],[32978, 6232],[32978, 6311],[32978, 6429],[32978, 6508],[32982, 6553],[32943, 6632],[32941, 6717],[32909, 6811],[32864, 6908],[32864, 6987],[32830, 7047],[32791, 7166],[32745, 7263],[32745, 7341],[32712, 7402],[32672, 7520],[32627, 7617],[32627, 7696],[32594, 7757],[32554, 7875],[32509, 7972],[32509, 8051],[32475, 8112],[32436, 8230],[32391, 8327],[32391, 8406],[32362, 8456],[32318, 8545],[32278, 8664],[32244, 8732],[32193, 8839],[32192, 8925],[32160, 9018],[32125, 9087],[32086, 9166],[32042, 9255],[32002, 9373],[31957, 9470],[31957, 9549],[31933, 9590],[31845, 9728],[31839, 9825],[31810, 9875],[31766, 9965],[31726, 10083],[31692, 10151],[31652, 10230],[31602, 10337],[31608, 10398],[31529, 10517],[31523, 10613],[31495, 10664],[31450, 10753],[31411, 10871],[31376, 10940],[31337, 11018],[31293, 11108],[31253, 11226],[31219, 11294],[31179, 11373],[31135, 11463],[31096, 11581],[31061, 11649],[31021, 11728],[30977, 11817],[30938, 11936],[30903, 12004],[30864, 12083],[30814, 12190],[30820, 12251],[30751, 12349],[30695, 12466],[30695, 12545],[30672, 12586],[30593, 12704],[30538, 12821],[30538, 12900],[30504, 12961],[30457, 13103],[30459, 13176],[30420, 13255],[30443, 13283],[30338, 13347],[30272, 13463],[30233, 13541],[30189, 13631],[30149, 13749],[30115, 13817],[30075, 13896],[30036, 13975],[29992, 14064],[29952, 14183],[29931, 14230],[29852, 14308],[29815, 14384],[29719, 14480],[29665, 14504],[29565, 14556],[29498, 14627],[29400, 14657],[29310, 14701],[29231, 14740],[29143, 14785],[29025, 14864],[28955, 14898],[28876, 14937],[28808, 14972],[28690, 15011],[28600, 15056],[28522, 15095],[28443, 15134],[28355, 15179],[28236, 15258],[28167, 15292],[28088, 15332],[28000, 15376],[27881, 15455],[27791, 15502],[27712, 15581],[27618, 15634],[27529, 15764],[27447, 15846],[27395, 15946],[27350, 16036],[27311, 16154],[27266, 16251],[27262, 16364],[27262, 16442],[27264, 16533],[27226, 16606],[27226, 16684],[27198, 16735],[27174, 16789],[27066, 16895],[27024, 16948],[26973, 16937],[26877, 16983],[26783, 17015],[26697, 17016],[26619, 17056],[26546, 17054],[26403, 17101],[26343, 17134],[26298, 17130],[26191, 17133],[26049, 17180],[25988, 17213],[25909, 17213],[25830, 17253],[25758, 17251],[25640, 17291],[25554, 17292],[25475, 17331],[25403, 17330],[25285, 17369],[25233, 17367],[25121, 17371],[25048, 17409],[24930, 17409],[24845, 17450],[24800, 17446],[24721, 17446],[24575, 17448],[24490, 17489],[24445, 17485],[24339, 17488],[24220, 17527],[24169, 17524],[24090, 17524],[24011, 17524],[23905, 17527],[23787, 17567],[23735, 17564],[23657, 17564],[23550, 17567],[23432, 17606],[23381, 17603],[23302, 17603],[23195, 17606],[23077, 17645],[23026, 17643],[22947, 17643],[22841, 17645],[22722, 17685],[22671, 17682],[22592, 17682],[22513, 17682],[22368, 17685],[22282, 17726],[22237, 17722],[22159, 17722],[22052, 17724],[21934, 17764],[21883, 17761],[21804, 17761],[21725, 17761],[21579, 17764],[21494, 17805],[21449, 17800],[21370, 17800],[21224, 17803],[21139, 17844],[21094, 17840],[21015, 17840],[20897, 17840],[20784, 17844],[20705, 17883],[20660, 17879],[20542, 17879],[20463, 17879],[20385, 17879],[20306, 17879],[20227, 17879],[20109, 17879],[20064, 17883],[19985, 17844],[19872, 17840],[19754, 17840],[19675, 17840],[19596, 17840],[19517, 17840],[19399, 17840],[19354, 17844],[19275, 17805],[19162, 17800],[19044, 17800],[18965, 17800],[18920, 17805],[18835, 17764],[18689, 17761],[18611, 17761],[18566, 17765],[18487, 17726],[18374, 17722],[18256, 17722],[18211, 17726],[18132, 17686],[18047, 17685],[17928, 17645],[17822, 17643],[17777, 17647],[17716, 17613],[17574, 17567],[17467, 17564],[17422, 17568],[17337, 17527],[17219, 17527],[17146, 17489],[17068, 17489],[16982, 17448],[16864, 17448],[16792, 17410],[16713, 17410],[16634, 17371],[16549, 17369],[16430, 17330],[16358, 17331],[16279, 17292],[16194, 17291],[16076, 17251],[16003, 17253],[15924, 17213],[15839, 17212],[15721, 17172],[15648, 17174],[15570, 17134],[15484, 17133],[15366, 17094],[15294, 17095],[15215, 17056],[15129, 17054],[15011, 17015],[14939, 17016],[14860, 16977],[14781, 16977],[14696, 16936],[14578, 16936],[14505, 16898],[14392, 16894],[14341, 16896],[14223, 16857],[14116, 16854],[14038, 16854],[13959, 16854],[13841, 16854],[13762, 16854],[13683, 16854],[13604, 16854],[13486, 16854],[13407, 16854],[13328, 16854],[13224, 16856],[1713, 18946],[1659, 18944],[1580, 18944],[1501, 18944],[1423, 18944],[1332, 18946],[1288, 18919],[1209, 18880],[1167, 18866],[1098, 18760],[1022, 18684],[996, 18627],[951, 18539],[873, 18420],[838, 18351],[799, 18272],[764, 18204],[725, 18085],[681, 17996],[641, 17917],[602, 17838],[567, 17770],[528, 17652],[494, 17591],[494, 17512],[449, 17415],[417, 17322],[419, 17270],[415, 17157],[377, 17085],[380, 16994],[376, 16949],[405, 16899],[439, 16830],[497, 16738],[539, 16725],[618, 16686],[686, 16651],[804, 16612],[894, 16568],[973, 16528],[1052, 16489],[1120, 16454],[1238, 16415],[1328, 16370],[1406, 16331],[1475, 16296],[1593, 16257],[1682, 16213],[1783, 16160],[1849, 16089],[1923, 16067],[2009, 16066],[2087, 16026],[2184, 16020],[2303, 15942],[2363, 15947],[2471, 15897],[2559, 15853],[2677, 15774],[2747, 15740],[2826, 15700],[2904, 15661],[2973, 15626],[3091, 15587],[3180, 15543],[3281, 15490],[3363, 15408],[3466, 15340],[3557, 15293],[3635, 15214],[3718, 15172],[3848, 15043],[3926, 14964],[4005, 14886],[4084, 14807],[4191, 14699],[4266, 14662],[4360, 14570],[4439, 14491],[4557, 14373],[4636, 14294],[4715, 14215],[4794, 14137],[4872, 14058],[4991, 13940],[5070, 13861],[5148, 13782],[5227, 13703],[5346, 13585],[5424, 13506],[5503, 13427],[5582, 13348],[5700, 13230],[5779, 13151],[5858, 13072],[5937, 12993],[6055, 12875],[6119, 12809],[6198, 12770],[6292, 12678],[6410, 12560],[6489, 12481],[6568, 12402],[6646, 12323],[6714, 12255],[6832, 12176],[6922, 12087],[7001, 12008],[7069, 11939],[7187, 11860],[7277, 11771],[7341, 11705],[7423, 11663],[7542, 11545],[7617, 11508],[7696, 11430],[7778, 11387],[7896, 11269],[7972, 11232],[8051, 11154],[8118, 11122],[8236, 11043],[8305, 11009],[8405, 10956],[8484, 10878],[8531, 10856],[8649, 10817],[8760, 10759],[8839, 10681],[8886, 10659],[9004, 10620],[9094, 10575],[9173, 10536],[9241, 10501],[9359, 10462],[9448, 10418],[9527, 10378],[9596, 10344],[9714, 10304],[9775, 10271],[9819, 10275],[9950, 10265],[10104, 10165],[10179, 10089],[10237, 10063],[10287, 10034],[10384, 10028],[10522, 9940],[10563, 9916],[10642, 9916],[10739, 9871],[10857, 9831],[10946, 9787],[11025, 9748],[11094, 9713],[11212, 9674],[11301, 9629],[11351, 9601],[11448, 9595],[11567, 9516],[11627, 9522],[11735, 9472],[11814, 9432],[11882, 9398],[12000, 9358],[12090, 9314],[12140, 9285],[12185, 9289],[12331, 9287],[12416, 9246],[12461, 9250],[12512, 9247],[12586, 9269],[12611, 9291],[12601, 9341],[12656, 9458],[12756, 9603],[12871, 9669],[12979, 9719],[13091, 9723],[13210, 9723],[13289, 9723],[13367, 9723],[13446, 9723],[13525, 9723],[13643, 9723],[13722, 9723],[13801, 9723],[13880, 9723],[13998, 9723],[14077, 9723],[14156, 9723],[14235, 9723],[14353, 9723],[14432, 9723],[14511, 9723],[14590, 9723],[14708, 9723],[14787, 9723],[14910, 9716],[14905, 9684],[14996, 9720],[15102, 9723],[15181, 9723],[15260, 9723],[15339, 9723],[15457, 9723],[15536, 9723],[15614, 9723],[15693, 9723],[15812, 9723],[15890, 9723],[15969, 9723],[16048, 9723],[16166, 9723],[16245, 9723],[16324, 9723],[16403, 9723],[16521, 9723],[16600, 9723],[16679, 9723],[16758, 9723],[16876, 9723],[16955, 9723],[17034, 9723],[17113, 9723],[17191, 9723],[17310, 9723],[17388, 9723],[17467, 9723],[17546, 9723],[17664, 9723],[17743, 9723],[17822, 9723],[17901, 9723]]
[[18019, 9443],[18098, 9443],[18177, 9443],[18256, 9443],[18374, 9443],[18453, 9443],[18532, 9443],[18611, 9443],[18729, 9443],[18808, 9443],[18886, 9443],[18965, 9443],[19044, 9443],[19162, 9443],[19241, 9443],[19320, 9443],[19399, 9443],[19517, 9443],[19596, 9443],[19675, 9443],[19754, 9443],[19872, 9443],[19951, 9443],[20030, 9443],[20109, 9443],[20227, 9443],[20306, 9443],[20385, 9443],[20463, 9443],[20582, 9443],[20660, 9443],[20739, 9443],[20818, 9443],[20924, 9446],[21043, 9485],[21094, 9482],[21173, 9482],[21252, 9482],[21370, 9482],[21449, 9482],[21528, 9482],[21607, 9482],[21725, 9482],[21838, 9487],[21917, 9526],[22013, 9532],[22152, 9621],[22192, 9644],[22271, 9644],[22368, 9690],[22486, 9729],[22547, 9763],[22592, 9758],[22671, 9758],[22750, 9758],[22868, 9758],[22913, 9763],[22963, 9734],[23006, 9720],[23074, 9614],[23150, 9538],[23190, 9460],[23271, 9377],[23339, 9274],[23387, 9184],[23466, 9105],[23497, 9038],[23587, 8904],[23663, 8829],[23689, 8771],[23742, 8671],[23812, 8604],[23842, 8506],[23886, 8417],[23926, 8338],[23960, 8269],[23992, 8176],[23990, 8124],[23990, 8046],[23990, 7967],[23990, 7848],[23990, 7770],[23994, 7725],[23953, 7639],[23953, 7521],[23915, 7449],[23911, 7336],[23913, 7285],[23874, 7166],[23876, 7094],[23836, 7015],[23832, 6902],[23835, 6851],[23802, 6757],[23757, 6660],[23753, 6547],[23756, 6496],[23716, 6378],[23718, 6305],[23678, 6227],[23677, 6141],[23638, 6023],[23639, 5951],[23600, 5872],[23598, 5787],[23559, 5668],[23560, 5596],[23521, 5517],[23519, 5432],[23480, 5313],[23481, 5241],[23442, 5162],[23442, 5083],[23401, 4998],[23401, 4880],[23363, 4807],[23359, 4695],[23362, 4643],[23322, 4525],[23319, 4419],[23324, 4374],[23283, 4288],[23280, 4143],[23280, 4064],[23280, 3985],[23280, 3906],[23280, 3788],[23280, 3709],[23280, 3630],[23280, 3551],[23280, 3433],[23280, 3354],[23284, 3242],[23324, 3163],[23319, 3118],[23322, 2972],[23363, 2887],[23363, 2808],[23401, 2736],[23401, 2617],[23452, 2503],[23492, 2424],[23527, 2356],[23566, 2238],[23610, 2148],[23639, 2098],[23645, 2001],[23734, 1863],[23768, 1794],[23807, 1715],[23842, 1647],[23881, 1528],[23926, 1439],[23965, 1360],[24004, 1281],[24039, 1213],[24078, 1095],[24123, 1005],[24175, 905],[24257, 823],[24325, 720],[24372, 629],[24464, 535],[24555, 446],[24688, 356],[24777, 312],[24884, 262],[24997, 258],[25115, 258],[25194, 258],[25273, 258],[25352, 258],[25470, 258],[25549, 258],[25628, 258],[25740, 262],[25813, 300],[25904, 297],[26016, 301],[26095, 341],[26168, 339],[26286, 379],[26337, 376],[26450, 380],[26522, 418],[26641, 418],[26726, 459],[26805, 459],[26877, 497],[26995, 497],[27081, 538],[27126, 534],[27232, 536],[27350, 576],[27436, 577],[27514, 617],[27559, 612],[27666, 615],[27784, 655],[27869, 656],[27948, 696],[28020, 694],[28139, 733],[28190, 731],[28269, 731],[28375, 733],[28493, 773],[28545, 770],[28624, 770],[28730, 773],[28848, 812],[28900, 810],[28978, 810],[29057, 810],[29136, 810],[29254, 810],[29333, 810],[29412, 810],[29491, 810],[29609, 810],[29688, 810],[29767, 810],[29846, 810],[29964, 810],[30043, 810],[30122, 810],[30173, 812],[30291, 773],[30398, 770],[30476, 770],[30528, 773],[30646, 733],[30752, 731],[30831, 731],[30876, 735],[30962, 694],[31107, 691],[31186, 691],[31231, 696],[31316, 655],[31462, 652],[31541, 652],[31586, 656],[31671, 615],[31817, 612],[31896, 612],[31941, 617],[32026, 576],[32172, 573],[32250, 573],[32295, 577],[32381, 536],[32526, 534],[32605, 534],[32650, 538],[32729, 498],[32842, 494],[32933, 497],[33005, 459],[33118, 455],[33197, 455],[33287, 458],[33360, 420],[33473, 415],[33524, 418],[33642, 379],[33749, 376],[33827, 376],[33879, 379],[33997, 339],[34103, 337],[34182, 337],[34234, 339],[34352, 300],[34458, 297],[34503, 301],[34582, 262],[34695, 258],[34813, 258],[34858, 262],[34937, 222],[35049, 218],[35140, 221],[35213, 183],[35325, 179],[35404, 179],[35495, 182],[35567, 144],[35680, 139],[35732, 142],[35850, 103],[35956, 100],[36035, 100],[36114, 100],[36232, 100],[36311, 100],[36390, 100],[36469, 100],[36619, 120],[36765, 259],[36844, 338],[36949, 453],[36961, 567],[37000, 686],[37003, 792],[37003, 871],[37000, 977],[36961, 1095],[36959, 1181],[36909, 1288],[36865, 1376],[36775, 1510],[36686, 1600],[36592, 1692],[36517, 1729],[36410, 1837],[36316, 1929],[36237, 1968],[36158, 2047],[36083, 2084],[35976, 2192],[35882, 2284],[35804, 2323],[35728, 2399],[35610, 2478],[35543, 2547],[35464, 2625],[35373, 2715],[35255, 2793],[35173, 2875],[35094, 2914],[35030, 2980],[34900, 3109],[34818, 3151],[34754, 3217],[34675, 3296],[34546, 3424],[34463, 3466],[34399, 3532],[34306, 3624],[34230, 3661],[34123, 3769],[34030, 3861],[33951, 3900],[33887, 3966],[33757, 4094],[33675, 4136],[33611, 4202],[33521, 4291],[33402, 4370],[33335, 4439],[33241, 4531],[33177, 4557],[33120, 4648],[33085, 4718],[33046, 4797],[33019, 4840],[33021, 4931],[33021, 5010],[33021, 5089],[33021, 5168],[33019, 5219],[33058, 5337],[33056, 5410],[33096, 5489],[33097, 5574],[33129, 5668],[33164, 5736],[33214, 5843],[33216, 5929],[33255, 6047],[33258, 6153],[33258, 6232],[33258, 6311],[33258, 6429],[33258, 6508],[33254, 6621],[33214, 6700],[33216, 6772],[33169, 6915],[33135, 6976],[33135, 7054],[33090, 7151],[33051, 7270],[33017, 7330],[33017, 7409],[32972, 7506],[32932, 7624],[32899, 7685],[32899, 7764],[32854, 7861],[32814, 7979],[32781, 8040],[32781, 8119],[32735, 8216],[32696, 8334],[32662, 8395],[32662, 8474],[32612, 8581],[32578, 8649],[32538, 8768],[32494, 8857],[32465, 8907],[32467, 8980],[32420, 9122],[32376, 9212],[32336, 9291],[32302, 9359],[32262, 9477],[32229, 9538],[32229, 9617],[32173, 9734],[32105, 9832],[32110, 9893],[32060, 10000],[32026, 10069],[31986, 10187],[31942, 10276],[31903, 10355],[31874, 10405],[31868, 10502],[31789, 10620],[31795, 10681],[31745, 10789],[31710, 10857],[31671, 10975],[31627, 11065],[31587, 11144],[31553, 11212],[31513, 11330],[31469, 11420],[31430, 11498],[31395, 11567],[31355, 11685],[31311, 11774],[31272, 11853],[31237, 11921],[31198, 12040],[31154, 12129],[31114, 12208],[31085, 12258],[31080, 12355],[30991, 12493],[30967, 12534],[30967, 12613],[30912, 12730],[30833, 12848],[30809, 12889],[30809, 12968],[30764, 13065],[30732, 13158],[30731, 13244],[30691, 13323],[30667, 13451],[30536, 13545],[30523, 13588],[30483, 13667],[30449, 13735],[30409, 13853],[30365, 13943],[30326, 14021],[30286, 14100],[30252, 14168],[30212, 14287],[30155, 14398],[30076, 14476],[30034, 14559],[29894, 14699],[29790, 14754],[29733, 14780],[29642, 14867],[29504, 14917],[29435, 14951],[29356, 14991],[29287, 15025],[29169, 15104],[29081, 15148],[29002, 15188],[28912, 15232],[28794, 15271],[28726, 15306],[28647, 15345],[28568, 15385],[28499, 15419],[28380, 15498],[28292, 15543],[28213, 15582],[28144, 15616],[28026, 15695],[27959, 15726],[27880, 15805],[27816, 15832],[27747, 15938],[27671, 16014],[27645, 16071],[27610, 16140],[27571, 16258],[27537, 16319],[27542, 16364],[27542, 16442],[27539, 16588],[27498, 16673],[27498, 16752],[27448, 16860],[27393, 16963],[27264, 17093],[27149, 17198],[27041, 17209],[26981, 17243],[26838, 17289],[26765, 17288],[26687, 17327],[26601, 17329],[26507, 17361],[26411, 17406],[26298, 17410],[26246, 17407],[26153, 17440],[26056, 17485],[25977, 17485],[25898, 17524],[25813, 17526],[25694, 17565],[25622, 17564],[25543, 17603],[25458, 17605],[25340, 17644],[25233, 17647],[25189, 17643],[25103, 17683],[24985, 17683],[24913, 17721],[24800, 17726],[24721, 17726],[24630, 17723],[24558, 17761],[24445, 17765],[24394, 17762],[24275, 17802],[24169, 17804],[24090, 17804],[24011, 17804],[23960, 17802],[23842, 17841],[23735, 17844],[23657, 17844],[23605, 17841],[23487, 17881],[23381, 17883],[23302, 17883],[23250, 17881],[23132, 17920],[23026, 17923],[22947, 17923],[22896, 17920],[22777, 17959],[22671, 17962],[22592, 17962],[22513, 17962],[22422, 17959],[22350, 17997],[22237, 18002],[22159, 18002],[22107, 17999],[21989, 18038],[21883, 18041],[21804, 18041],[21725, 18041],[21634, 18038],[21562, 18076],[21449, 18080],[21370, 18080],[21279, 18078],[21207, 18116],[21094, 18120],[21015, 18120],[20897, 18120],[20852, 18116],[20773, 18155],[20660, 18159],[20542, 18159],[20463, 18159],[20385, 18159],[20306, 18159],[20227, 18159],[20109, 18159],[19996, 18155],[19917, 18116],[19872, 18120],[19754, 18120],[19675, 18120],[19596, 18120],[19517, 18120],[19399, 18120],[19286, 18116],[19207, 18076],[19162, 18080],[19044, 18080],[18965, 18080],[18853, 18076],[18780, 18038],[18689, 18041],[18611, 18041],[18498, 18037],[18419, 17997],[18374, 18002],[18256, 18002],[18143, 17997],[18064, 17958],[17992, 17959],[17873, 17920],[17822, 17923],[17709, 17919],[17612, 17873],[17519, 17841],[17467, 17844],[17355, 17840],[17282, 17802],[17164, 17802],[17079, 17761],[17000, 17761],[16927, 17723],[16809, 17723],[16724, 17682],[16645, 17682],[16566, 17643],[16494, 17644],[16375, 17605],[16290, 17603],[16211, 17564],[16139, 17565],[16021, 17526],[15935, 17524],[15856, 17485],[15784, 17486],[15666, 17447],[15581, 17445],[15502, 17406],[15429, 17407],[15311, 17368],[15226, 17367],[15147, 17327],[15075, 17329],[14956, 17289],[14871, 17288],[14792, 17248],[14713, 17248],[14641, 17210],[14523, 17210],[14437, 17169],[14392, 17174],[14286, 17171],[14168, 17132],[14116, 17134],[14038, 17134],[13959, 17134],[13841, 17134],[13762, 17134],[13683, 17134],[13604, 17134],[13486, 17134],[13407, 17134],[13328, 17134],[13274, 17132],[1763, 19221],[1659, 19224],[1580, 19224],[1501, 19224],[1423, 19224],[1277, 19221],[1163, 19169],[1084, 19130],[969, 19064],[880, 18935],[798, 18852],[746, 18752],[711, 18683],[632, 18564],[588, 18476],[548, 18397],[504, 18308],[465, 18189],[430, 18121],[391, 18042],[351, 17964],[307, 17874],[268, 17756],[222, 17659],[222, 17580],[189, 17519],[142, 17377],[139, 17270],[144, 17225],[103, 17140],[100, 16994],[104, 16881],[154, 16774],[199, 16686],[299, 16540],[414, 16475],[493, 16435],[582, 16391],[700, 16352],[769, 16317],[848, 16278],[926, 16238],[1016, 16194],[1134, 16155],[1202, 16120],[1281, 16081],[1371, 16036],[1489, 15997],[1557, 15962],[1615, 15936],[1705, 15849],[1868, 15793],[1941, 15794],[2019, 15755],[2080, 15760],[2199, 15682],[2295, 15676],[2346, 15647],[2415, 15613],[2533, 15534],[2622, 15489],[2700, 15450],[2779, 15410],[2869, 15366],[2987, 15327],[3055, 15292],[3113, 15266],[3188, 15190],[3322, 15100],[3389, 15069],[3467, 14990],[3543, 14953],[3650, 14845],[3728, 14766],[3807, 14688],[3886, 14609],[4016, 14480],[4098, 14438],[4162, 14372],[4241, 14293],[4359, 14175],[4438, 14096],[4517, 14017],[4596, 13939],[4675, 13860],[4793, 13742],[4872, 13663],[4950, 13584],[5029, 13505],[5148, 13387],[5226, 13308],[5305, 13229],[5384, 13150],[5502, 13032],[5581, 12953],[5660, 12874],[5739, 12795],[5857, 12677],[5951, 12585],[6030, 12546],[6094, 12480],[6212, 12362],[6291, 12283],[6370, 12204],[6448, 12125],[6539, 12036],[6657, 11957],[6724, 11889],[6803, 11810],[6894, 11721],[7012, 11642],[7079, 11573],[7173, 11481],[7248, 11445],[7367, 11326],[7449, 11284],[7528, 11206],[7603, 11169],[7722, 11051],[7804, 11008],[7883, 10930],[7973, 10882],[8092, 10803],[8180, 10759],[8237, 10732],[8316, 10654],[8427, 10596],[8545, 10557],[8592, 10535],[8671, 10457],[8782, 10399],[8900, 10360],[8968, 10325],[9047, 10286],[9137, 10241],[9255, 10202],[9323, 10167],[9402, 10128],[9492, 10084],[9610, 10044],[9707, 9999],[9819, 9995],[9846, 10005],[9929, 9947],[10011, 9865],[10112, 9813],[10219, 9763],[10280, 9768],[10378, 9699],[10495, 9644],[10574, 9644],[10635, 9611],[10753, 9571],[10821, 9537],[10900, 9497],[10990, 9453],[11108, 9414],[11176, 9379],[11284, 9329],[11344, 9335],[11463, 9256],[11560, 9250],[11610, 9221],[11689, 9182],[11778, 9138],[11896, 9098],[11964, 9064],[12072, 9013],[12185, 9009],[12276, 9012],[12348, 8974],[12461, 8970],[12567, 8973],[12730, 9029],[12862, 9166],[12873, 9273],[12896, 9314],[12954, 9405],[12996, 9418],[13047, 9447],[13091, 9443],[13210, 9443],[13289, 9443],[13367, 9443],[13446, 9443],[13525, 9443],[13643, 9443],[13722, 9443],[13801, 9443],[13880, 9443],[13998, 9443],[14077, 9443],[14156, 9443],[14235, 9443],[14353, 9443],[14432, 9443],[14511, 9443],[14590, 9443],[14708, 9443],[14787, 9443],[14821, 9450],[14905, 9404],[15051, 9446],[15102, 9443],[15181, 9443],[15260, 9443],[15339, 9443],[15457, 9443],[15536, 9443],[15614, 9443],[15693, 9443],[15812, 9443],[15890, 9443],[15969, 9443],[16048, 9443],[16166, 9443],[16245, 9443],[16324, 9443],[16403, 9443],[16521, 9443],[16600, 9443],[16679, 9443],[16758, 9443],[16876, 9443],[16955, 9443],[17034, 9443],[17113, 9443],[17191, 9443],[17310, 9443],[17388, 9443],[17467, 9443],[17546, 9443],[17664, 9443],[17743, 9443],[17822, 9443],[17901, 9443]]
[[19241, 9723],[19241, 9443]]
[[20463, 9723],[20463, 9443]]
[[21725, 9762],[21725, 9482]]
[[22868, 10038],[22868, 9758]]
[[23805, 9079],[23587, 8904]]
[[24270, 7848],[23990, 7848]]
[[24029, 6592],[23757, 6660]]
[[23794, 5377],[23519, 5432]]
[[23560, 4143],[23280, 4143]]
[[23635, 2955],[23363, 2887]]
[[24058, 1840],[23807, 1715]]
[[24596, 797],[24372, 629]]
[[25628, 538],[25628, 258]]
[[26822, 771],[26877, 497]]
[[28084, 1008],[28139, 733]]
[[29333, 1090],[29333, 810]]
[[30583, 1047],[30528, 773]]
[[31817, 892],[31817, 612]]
[[33073, 731],[33005, 459]]
[[34288, 614],[34234, 339]]
[[35550, 456],[35495, 182]]
[[36567, 457],[36765, 259]]
[[36488, 1403],[36686, 1600]]
[[35553, 2181],[35728, 2399]]
[[34556, 3019],[34754, 3217]]
[[33582, 3876],[33757, 4094]]
[[32741, 4931],[33021, 4931]]
[[32978, 6153],[33258, 6153]]
[[32745, 7341],[33017, 7409]]
[[32362, 8456],[32612, 8581]]
[[31933, 9590],[32173, 9734]]
[[31450, 10753],[31710, 10857]]
[[30938, 11936],[31198, 12040]]
[[30457, 13103],[30732, 13158]]
[[29952, 14183],[30212, 14287]]
[[29025, 14864],[29169, 15104]]
[[27881, 15455],[28026, 15695]]
[[27264, 16533],[27539, 16588]]
[[26403, 17101],[26507, 17361]]
[[25233, 17367],[25233, 17647]]
[[24011, 17524],[24011, 17804]]
[[22722, 17685],[22777, 17959]]
[[21494, 17805],[21562, 18076]]
[[20306, 17879],[20306, 18159]]
[[19044, 17800],[19044, 18080]]
[[17822, 17643],[17822, 17923]]
[[16634, 17371],[16566, 17643]]
[[15366, 17094],[15311, 17368]]
[[14116, 16854],[14116, 17134]]
[[1713, 18946],[1763, 19221]]
[[873, 18420],[632, 18564]]
[[417, 17322],[142, 17377]]
[[894, 16568],[769, 16317]]
[[2009, 16066],[1941, 15794]]
[[3180, 15543],[3055, 15292]]
[[4191, 14699],[4016, 14480]]
[[5070, 13861],[4872, 13663]]
[[5937, 12993],[5739, 12795]]
[[6832, 12176],[6657, 11957]]
[[7778, 11387],[7603, 11169]]
[[8839, 10681],[8671, 10457]]
[[9950, 10265],[9846, 10005]]
[[11025, 9748],[10900, 9497]]
[[12140, 9285],[12072, 9013]]
[[13091, 9723],[13091, 9443]]
[[14353, 9723],[14353, 9443]]
[[15536, 9723],[15536, 9443]]
[[16758, 9723],[16758, 9443]]
[[18019, 9723],[18019, 9443]]
