[[1220, 340],[1232, 340],[1244, 340],[1256, 340],[1268, 340],[1280, 340],[1292, 340],[1304, 340],[1316, 340],[1328, 340],[1340, 340],[1352, 340],[1364, 340],[1376, 340],[1388, 340],[1400, 340],[1412, 340],[1424, 340],[1436, 340],[1448, 340],[1460, 340],[1472, 340],[1484, 340],[1496, 340],[1508, 340],[1520, 340],[1532, 340],[1544, 340],[1556, 340],[1568, 340],[1580, 340],[1592, 340],[1604, 340],[1616, 340],[1628, 340],[1640, 340],[1652, 340],[1664, 340],[1676, 340],[1688, 340],[1700, 340],[1712, 340],[1724, 340],[1736, 340],[1748, 340],[1760, 340],[1772, 340],[1784, 340],[1796, 340],[1808, 340],[1820, 340],[1832, 340],[1844, 340],[1855, 340],[1867, 340],[1879, 340],[1891, 340],[1903, 340],[1915, 340],[1927, 340],[1939, 340],[1951, 340],[1963, 340],[1975, 340],[1987, 340],[1999, 340],[2011, 340],[2023, 340],[2035, 340],[2047, 340],[2059, 340],[2071, 340],[2083, 340],[2095, 340],[2107, 340],[2119, 340],[2131, 340],[2143, 340],[2155, 340],[2167, 340],[2179, 340],[2191, 340],[2203, 340],[2215, 340],[2227, 340],[2239, 340],[2251, 340],[2263, 340],[2275, 340],[2287, 340],[2299, 340],[2311, 340],[2323, 340],[2335, 340],[2347, 340],[2359, 340],[2371, 340],[2383, 340],[2395, 340],[2407, 340],[2419, 340],[2431, 340],[2443, 340],[2455, 340],[2467, 340],[2479, 340],[2491, 340],[2503, 340],[2515, 340],[2527, 340],[2539, 340],[2551, 340],[2563, 340],[2575, 340],[2587, 340],[2599, 340],[2611, 340],[2623, 340],[2635, 340],[2647, 340],[2659, 340],[2671, 340],[2683, 340],[2695, 340],[2707, 340],[2719, 340],[2731, 340],[2743, 340],[2755, 340],[2767, 340],[2779, 340],[2791, 340],[2803, 340],[2815, 340],[2827, 340],[2839, 340],[2851, 340],[2863, 340],[2875, 340],[2887, 340],[2899, 340],[2911, 340],[2923, 340],[2935, 340],[2947, 340],[2959, 340],[2971, 340],[2983, 340],[2995, 340],[3007, 340],[3019, 340],[3031, 340],[3043, 340],[3055, 340],[3067, 340],[3079, 340],[3091, 340],[3102, 340],[3114, 340],[3126, 340],[3138, 340],[3150, 340],[3162, 340],[3174, 340],[3186, 340],[3198, 340],[3210, 340],[3222, 340],[3234, 340],[3246, 340],[3258, 340],[3270, 340],[3282, 340],[3294, 340],[3306, 340],[3318, 340],[3330, 340],[3342, 340],[3354, 340],[3366, 340],[3378, 340],[3390, 340],[3402, 340],[3414, 340],[3426, 340],[3438, 340],[3450, 340],[3462, 340],[3474, 340],[3486, 340],[3498, 340],[3510, 340],[3522, 340],[3534, 340],[3546, 340],[3558, 340],[3570, 340],[3582, 340],[3594, 340],[3606, 340],[3618, 340],[3630, 340],[3642, 340],[3654, 340],[3666, 340],[3678, 340],[3690, 340],[3702, 340],[3714, 340],[3726, 340],[3738, 340],[3750, 340],[3762, 340],[3774, 340],[3786, 340],[3798, 340],[3810, 340],[3822, 340],[3834, 340],[3846, 340],[3858, 340],[3870, 340],[3882, 340],[3894, 340],[3906, 340],[3918, 340],[3930, 340],[3942, 340],[3954, 340],[3966, 340],[3978, 340],[3990, 340],[4002, 340],[4014, 340],[4026, 340],[4038, 340],[4050, 340],[4062, 340],[4074, 340],[4086, 340],[4098, 340],[4110, 340],[4122, 340],[4134, 340],[4146, 340],[4158, 340],[4170, 340],[4182, 340],[4194, 340],[4206, 340],[4218, 340],[4230, 340],[4242, 340],[4254, 340],[4266, 340],[4278, 340],[4290, 340],[4302, 340],[4314, 340],[4326, 340],[4338, 340],[4350, 340],[4361, 340],[4373, 340],[4385, 340],[4397, 340],[4409, 340],[4421, 340],[4433, 340],[4445, 340],[4457, 340],[4469, 340],[4481, 340],[4493, 340],[4505, 340],[4517, 340],[4529, 340],[4541, 340],[4553, 340],[4565, 340],[4577, 340],[4589, 340],[4601, 340],[4613, 340],[4625, 340],[4637, 340],[4649, 340],[4661, 340],[4673, 340],[4685, 340],[4697, 340],[4709, 340],[4721, 340],[4733, 340],[4745, 340],[4757, 340],[4769, 340],[4781, 340],[4793, 340],[4805, 340],[4817, 340],[4829, 340],[4841, 340],[4853, 340],[4865, 340],[4877, 340],[4889, 340],[4901, 340],[4913, 340],[4925, 340],[4937, 340],[4949, 340],[4961, 340],[4973, 340],[4985, 340],[4997, 340],[5009, 340],[5021, 340],[5033, 340],[5045, 340],[5057, 340],[5069, 340],[5081, 340],[5093, 340],[5105, 340],[5117, 340],[5129, 340],[5141, 340],[5153, 340],[5165, 340],[5177, 340],[5189, 340],[5201, 340],[5213, 340],[5225, 340],[5237, 340],[5249, 340],[5261, 340],[5273, 340],[5285, 340],[5297, 340],[5309, 340],[5321, 340],[5333, 340],[5345, 340],[5357, 340],[5369, 340],[5381, 340],[5393, 340],[5405, 340],[5417, 340],[5429, 340],[5441, 340],[5453, 340],[5465, 340],[5477, 340],[5489, 340],[5501, 340],[5513, 340],[5525, 340],[5537, 340],[5549, 340],[5561, 340],[5573, 340],[5585, 340],[5597, 340],[5608, 340],[5620, 340],[5632, 340],[5644, 340],[5656, 340],[5668, 340],[5680, 340],[5692, 340],[5704, 340],[5716, 340],[5728, 340],[5740, 340],[5752, 340],[5764, 340],[5776, 340],[5788, 340],[5800, 340],[5812, 340],[5824, 340],[5836, 340],[5848, 340],[5860, 340],[5872, 340],[5884, 340],[5896, 340],[5908, 340],[5920, 340],[5932, 340],[5944, 340],[5956, 340],[5968, 340],[5980, 340],[5992, 340],[6004, 340],[6016, 340],[6028, 340],[6040, 340],[6052, 340],[6064, 340],[6076, 340],[6088, 340],[6100, 340],[6112, 340],[6124, 340],[6136, 340],[6148, 340],[6160, 340],[6172, 340],[6184, 340],[6196, 340],[6208, 340],[6220, 340],[6231, 340],[6241, 340],[6252, 341],[6262, 341],[6273, 342],[6283, 342],[6294, 343],[6304, 344],[6315, 345],[6325, 346],[6336, 348],[6346, 349],[6357, 351],[6367, 352],[6377, 354],[6388, 356],[6398, 358],[6408, 360],[6419, 363],[6429, 365],[6439, 368],[6449, 370],[6460, 373],[6470, 376],[6480, 379],[6490, 382],[6500, 386],[6510, 389],[6520, 393],[6530, 396],[6540, 400],[6549, 404],[6559, 408],[6569, 412],[6579, 416],[6588, 421],[6598, 425],[6607, 430],[6617, 434],[6626, 439],[6635, 444],[6645, 449],[6654, 454],[6663, 460],[6672, 465],[6681, 471],[6690, 476],[6699, 482],[6708, 488],[6717, 493],[6725, 499],[6734, 506],[6742, 512],[6751, 518],[6759, 525],[6768, 531],[6776, 538],[6784, 544],[6792, 551],[6800, 558],[6808, 565],[6816, 572],[6823, 579],[6831, 587],[6839, 594],[6846, 601],[6853, 609],[6861, 617],[6868, 624],[6875, 632],[6882, 640],[6889, 648],[6896, 656],[6902, 664],[6909, 673],[6915, 681],[6922, 689],[6928, 698],[6934, 706],[6941, 715],[6947, 723],[6952, 732],[6958, 741],[6964, 750],[6970, 759],[6975, 768],[6980, 777],[6986, 786],[6991, 795],[6996, 805],[7001, 814],[7006, 823],[7010, 833],[7015, 842],[7019, 852],[7024, 861],[7028, 871],[7032, 881],[7036, 891],[7040, 900],[7044, 910],[7047, 920],[7051, 930],[7054, 940],[7058, 950],[7061, 960],[7064, 970],[7067, 980],[7070, 991],[7072, 1001],[7075, 1011],[7077, 1021],[7080, 1032],[7082, 1042],[7084, 1052],[7086, 1063],[7088, 1073],[7089, 1083],[7091, 1094],[7092, 1104],[7094, 1115],[7095, 1125],[7096, 1136],[7097, 1146],[7098, 1157],[7098, 1167],[7099, 1178],[7099, 1188],[7100, 1199],[7100, 1209],[7100, 1220],[7100, 1231],[7100, 1241],[7099, 1252],[7099, 1262],[7098, 1273],[7098, 1283],[7097, 1294],[7096, 1304],[7095, 1315],[7094, 1325],[7092, 1336],[7091, 1346],[7089, 1357],[7088, 1367],[7086, 1377],[7084, 1388],[7082, 1398],[7080, 1408],[7077, 1419],[7075, 1429],[7072, 1439],[7070, 1449],[7067, 1460],[7064, 1470],[7061, 1480],[7058, 1490],[7054, 1500],[7051, 1510],[7047, 1520],[7044, 1530],[7040, 1540],[7036, 1549],[7032, 1559],[7028, 1569],[7024, 1579],[7019, 1588],[7015, 1598],[7010, 1607],[7006, 1617],[7001, 1626],[6996, 1635],[6991, 1645],[6986, 1654],[6980, 1663],[6975, 1672],[6970, 1681],[6964, 1690],[6958, 1699],[6952, 1708],[6947, 1717],[6941, 1725],[6934, 1734],[6928, 1742],[6922, 1751],[6915, 1759],[6909, 1768],[6902, 1776],[6896, 1784],[6889, 1792],[6882, 1800],[6875, 1808],[6868, 1816],[6861, 1823],[6853, 1831],[6846, 1839],[6839, 1846],[6831, 1853],[6823, 1861],[6816, 1868],[6808, 1875],[6800, 1882],[6792, 1889],[6784, 1896],[6776, 1902],[6768, 1909],[6759, 1915],[6751, 1922],[6742, 1928],[6734, 1934],[6725, 1941],[6717, 1947],[6708, 1952],[6699, 1958],[6690, 1964],[6681, 1970],[6672, 1975],[6663, 1980],[6654, 1986],[6645, 1991],[6635, 1996],[6626, 2001],[6617, 2006],[6607, 2010],[6598, 2015],[6588, 2019],[6579, 2024],[6569, 2028],[6559, 2032],[6549, 2036],[6540, 2040],[6530, 2044],[6520, 2047],[6510, 2051],[6500, 2054],[6490, 2058],[6480, 2061],[6470, 2064],[6460, 2067],[6449, 2070],[6439, 2072],[6429, 2075],[6419, 2077],[6408, 2080],[6398, 2082],[6388, 2084],[6377, 2086],[6367, 2088],[6357, 2089],[6346, 2091],[6336, 2092],[6325, 2094],[6315, 2095],[6304, 2096],[6294, 2097],[6283, 2098],[6273, 2098],[6262, 2099],[6252, 2099],[6241, 2100],[6231, 2100],[6220, 2100],[6208, 2100],[6196, 2100],[6184, 2100],[6172, 2100],[6160, 2100],[6148, 2100],[6136, 2100],[6124, 2100],[6112, 2100],[6100, 2100],[6088, 2100],[6076, 2100],[6064, 2100],[6052, 2100],[6040, 2100],[6028, 2100],[6016, 2100],[6004, 2100],[5992, 2100],[5980, 2100],[5968, 2100],[5956, 2100],[5944, 2100],[5932, 2100],[5920, 2100],[5908, 2100],[5896, 2100],[5884, 2100],[5872, 2100],[5860, 2100],[5848, 2100],[5836, 2100],[5824, 2100],[5812, 2100],[5800, 2100],[5788, 2100],[5776, 2100],[5764, 2100],[5752, 2100],[5740, 2100],[5728, 2100],[5716, 2100],[5704, 2100],[5692, 2100],[5680, 2100],[5668, 2100],[5656, 2100],[5644, 2100],[5632, 2100],[5620, 2100],[5608, 2100],[5597, 2100],[5585, 2100],[5573, 2100],[5561, 2100],[5549, 2100],[5537, 2100],[5525, 2100],[5513, 2100],[5501, 2100],[5489, 2100],[5477, 2100],[5465, 2100],[5453, 2100],[5441, 2100],[5429, 2100],[5417, 2100],[5405, 2100],[5393, 2100],[5381, 2100],[5369, 2100],[5357, 2100],[5345, 2100],[5333, 2100],[5321, 2100],[5309, 2100],[5297, 2100],[5285, 2100],[5273, 2100],[5261, 2100],[5249, 2100],[5237, 2100],[5225, 2100],[5213, 2100],[5201, 2100],[5189, 2100],[5177, 2100],[5165, 2100],[5153, 2100],[5141, 2100],[5129, 2100],[5117, 2100],[5105, 2100],[5093, 2100],[5081, 2100],[5069, 2100],[5057, 2100],[5045, 2100],[5033, 2100],[5021, 2100],[5009, 2100],[4997, 2100],[4985, 2100],[4973, 2100],[4961, 2100],[4949, 2100],[4937, 2100],[4925, 2100],[4913, 2100],[4901, 2100],[4889, 2100],[4877, 2100],[4865, 2100],[4853, 2100],[4841, 2100],[4829, 2100],[4817, 2100],[4805, 2100],[4793, 2100],[4781, 2100],[4769, 2100],[4757, 2100],[4745, 2100],[4733, 2100],[4721, 2100],[4709, 2100],[4697, 2100],[4685, 2100],[4673, 2100],[4661, 2100],[4649, 2100],[4637, 2100],[4625, 2100],[4613, 2100],[4601, 2100],[4589, 2100],[4577, 2100],[4565, 2100],[4553, 2100],[4541, 2100],[4529, 2100],[4517, 2100],[4505, 2100],[4493, 2100],[4481, 2100],[4469, 2100],[4457, 2100],[4445, 2100],[4433, 2100],[4421, 2100],[4409, 2100],[4397, 2100],[4385, 2100],[4373, 2100],[4361, 2100],[4350, 2100],[4338, 2100],[4326, 2100],[4314, 2100],[4302, 2100],[4290, 2100],[4278, 2100],[4266, 2100],[4254, 2100],[4242, 2100],[4230, 2100],[4218, 2100],[4206, 2100],[4194, 2100],[4182, 2100],[4170, 2100],[4158, 2100],[4146, 2100],[4134, 2100],[4122, 2100],[4110, 2100],[4098, 2100],[4086, 2100],[4074, 2100],[4062, 2100],[4050, 2100],[4038, 2100],[4026, 2100],[4014, 2100],[4002, 2100],[3990, 2100],[3978, 2100],[3966, 2100],[3954, 2100],[3942, 2100],[3930, 2100],[3918, 2100],[3906, 2100],[3894, 2100],[3882, 2100],[3870, 2100],[3858, 2100],[3846, 2100],[3834, 2100],[3822, 2100],[3810, 2100],[3798, 2100],[3786, 2100],[3774, 2100],[3762, 2100],[3750, 2100],[3738, 2100],[3726, 2100],[3714, 2100],[3702, 2100],[3690, 2100],[3678, 2100],[3666, 2100],[3654, 2100],[3642, 2100],[3630, 2100],[3618, 2100],[3606, 2100],[3594, 2100],[3582, 2100],[3570, 2100],[3558, 2100],[3546, 2100],[3534, 2100],[3522, 2100],[3510, 2100],[3498, 2100],[3486, 2100],[3474, 2100],[3462, 2100],[3450, 2100],[3438, 2100],[3426, 2100],[3414, 2100],[3402, 2100],[3390, 2100],[3378, 2100],[3366, 2100],[3354, 2100],[3342, 2100],[3330, 2100],[3318, 2100],[3306, 2100],[3294, 2100],[3282, 2100],[3270, 2100],[3258, 2100],[3246, 2100],[3234, 2100],[3222, 2100],[3210, 2100],[3198, 2100],[3186, 2100],[3174, 2100],[3162, 2100],[3150, 2100],[3138, 2100],[3126, 2100],[3114, 2100],[3102, 2100],[3091, 2100],[3079, 2100],[3067, 2100],[3055, 2100],[3043, 2100],[3031, 2100],[3019, 2100],[3007, 2100],[2995, 2100],[2983, 2100],[2971, 2100],[2959, 2100],[2947, 2100],[2935, 2100],[2923, 2100],[2911, 2100],[2899, 2100],[2887, 2100],[2875, 2100],[2863, 2100],[2851, 2100],[2839, 2100],[2827, 2100],[2815, 2100],[2803, 2100],[2791, 2100],[2779, 2100],[2767, 2100],[2755, 2100],[2743, 2100],[2731, 2100],[2719, 2100],[2707, 2100],[2695, 2100],[2683, 2100],[2671, 2100],[2659, 2100],[2647, 2100],[2635, 2100],[2623, 2100],[2611, 2100],[2599, 2100],[2587, 2100],[2575, 2100],[2563, 2100],[2551, 2100],[2539, 2100],[2527, 2100],[2515, 2100],[2503, 2100],[2491, 2100],[2479, 2100],[2467, 2100],[2455, 2100],[2443, 2100],[2431, 2100],[2419, 2100],[2407, 2100],[2395, 2100],[2383, 2100],[2371, 2100],[2359, 2100],[2347, 2100],[2335, 2100],[2323, 2100],[2311, 2100],[2299, 2100],[2287, 2100],[2275, 2100],[2263, 2100],[2251, 2100],[2239, 2100],[2227, 2100],[2215, 2100],[2203, 2100],[2191, 2100],[2179, 2100],[2167, 2100],[2155, 2100],[2143, 2100],[2131, 2100],[2119, 2100],[2107, 2100],[2095, 2100],[2083, 2100],[2071, 2100],[2059, 2100],[2047, 2100],[2035, 2100],[2023, 2100],[2011, 2100],[1999, 2100],[1987, 2100],[1975, 2100],[1963, 2100],[1951, 2100],[1939, 2100],[1927, 2100],[1915, 2100],[1903, 2100],[1891, 2100],[1879, 2100],[1867, 2100],[1855, 2100],[1844, 2100],[1832, 2100],[1820, 2100],[1808, 2100],[1796, 2100],[1784, 2100],[1772, 2100],[1760, 2100],[1748, 2100],[1736, 2100],[1724, 2100],[1712, 2100],[1700, 2100],[1688, 2100],[1676, 2100],[1664, 2100],[1652, 2100],[1640, 2100],[1628, 2100],[1616, 2100],[1604, 2100],[1592, 2100],[1580, 2100],[1568, 2100],[1556, 2100],[1544, 2100],[1532, 2100],[1520, 2100],[1508, 2100],[1496, 2100],[1484, 2100],[1472, 2100],[1460, 2100],[1448, 2100],[1436, 2100],[1424, 2100],[1412, 2100],[1400, 2100],[1388, 2100],[1376, 2100],[1364, 2100],[1352, 2100],[1340, 2100],[1328, 2100],[1316, 2100],[1304, 2100],[1292, 2100],[1280, 2100],[1268, 2100],[1256, 2100],[1244, 2100],[1232, 2100],[1220, 2100],[1209, 2100],[1199, 2100],[1188, 2099],[1178, 2099],[1167, 2098],[1157, 2098],[1146, 2097],[1136, 2096],[1125, 2095],[1115, 2094],[1104, 2092],[1094, 2091],[1083, 2089],[1073, 2088],[1063, 2086],[1052, 2084],[1042, 2082],[1032, 2080],[1021, 2077],[1011, 2075],[1001, 2072],[991, 2070],[980, 2067],[970, 2064],[960, 2061],[950, 2058],[940, 2054],[930, 2051],[920, 2047],[910, 2044],[900, 2040],[891, 2036],[881, 2032],[871, 2028],[861, 2024],[852, 2019],[842, 2015],[833, 2010],[823, 2006],[814, 2001],[805, 1996],[795, 1991],[786, 1986],[777, 1980],[768, 1975],[759, 1970],[750, 1964],[741, 1958],[732, 1952],[723, 1947],[715, 1941],[706, 1934],[698, 1928],[689, 1922],[681, 1915],[673, 1909],[664, 1902],[656, 1896],[648, 1889],[640, 1882],[632, 1875],[624, 1868],[617, 1861],[609, 1853],[601, 1846],[594, 1839],[587, 1831],[579, 1823],[572, 1816],[565, 1808],[558, 1800],[551, 1792],[544, 1784],[538, 1776],[531, 1768],[525, 1759],[518, 1751],[512, 1742],[506, 1734],[499, 1725],[493, 1717],[488, 1708],[482, 1699],[476, 1690],[471, 1681],[465, 1672],[460, 1663],[454, 1654],[449, 1645],[444, 1635],[439, 1626],[434, 1617],[430, 1607],[425, 1598],[421, 1588],[416, 1579],[412, 1569],[408, 1559],[404, 1549],[400, 1540],[396, 1530],[393, 1520],[389, 1510],[386, 1500],[382, 1490],[379, 1480],[376, 1470],[373, 1460],[370, 1449],[368, 1439],[365, 1429],[363, 1419],[360, 1408],[358, 1398],[356, 1388],[354, 1377],[352, 1367],[351, 1357],[349, 1346],[348, 1336],[346, 1325],[345, 1315],[344, 1304],[343, 1294],[342, 1283],[342, 1273],[341, 1262],[341, 1252],[340, 1241],[340, 1231],[340, 1220],[340, 1209],[340, 1199],[341, 1188],[341, 1178],[342, 1167],[342, 1157],[343, 1146],[344, 1136],[345, 1125],[346, 1115],[348, 1104],[349, 1094],[351, 1083],[352, 1073],[354, 1063],[356, 1052],[358, 1042],[360, 1032],[363, 1021],[365, 1011],[368, 1001],[370, 991],[373, 980],[376, 970],[379, 960],[382, 950],[386, 940],[389, 930],[393, 920],[396, 910],[400, 900],[404, 891],[408, 881],[412, 871],[416, 861],[421, 852],[425, 842],[430, 833],[434, 823],[439, 814],[444, 805],[449, 795],[454, 786],[460, 777],[465, 768],[471, 759],[476, 750],[482, 741],[488, 732],[493, 723],[499, 715],[506, 706],[512, 698],[518, 689],[525, 681],[531, 673],[538, 664],[544, 656],[551, 648],[558, 640],[565, 632],[572, 624],[579, 617],[587, 609],[594, 601],[601, 594],[609, 587],[617, 579],[624, 572],[632, 565],[640, 558],[648, 551],[656, 544],[664, 538],[673, 531],[681, 525],[689, 518],[698, 512],[706, 506],[715, 499],[723, 493],[732, 488],[741, 482],[750, 476],[759, 471],[768, 465],[777, 460],[786, 454],[795, 449],[805, 444],[814, 439],[823, 434],[833, 430],[842, 425],[852, 421],[861, 416],[871, 412],[881, 408],[891, 404],[900, 400],[910, 396],[920, 393],[930, 389],[940, 386],[950, 382],[960, 379],[970, 376],[980, 373],[991, 370],[1001, 368],[1011, 365],[1021, 363],[1032, 360],[1042, 358],[1052, 356],[1063, 354],[1073, 352],[1083, 351],[1094, 349],[1104, 348],[1115, 346],[1125, 345],[1136, 344],[1146, 343],[1157, 342],[1167, 342],[1178, 341],[1188, 341],[1199, 340],[1209, 340],[1221, 340]]
[[1220, 100],[1232, 100],[1244, 100],[1256, 100],[1268, 100],[1280, 100],[1292, 100],[1304, 100],[1316, 100],[1328, 100],[1340, 100],[1352, 100],[1364, 100],[1376, 100],[1388, 100],[1400, 100],[1412, 100],[1424, 100],[1436, 100],[1448, 100],[1460, 100],[1472, 100],[1484, 100],[1496, 100],[1508, 100],[1520, 100],[1532, 100],[1544, 100],[1556, 100],[1568, 100],[1580, 100],[1592, 100],[1604, 100],[1616, 100],[1628, 100],[1640, 100],[1652, 100],[1664, 100],[1676, 100],[1688, 100],[1700, 100],[1712, 100],[1724, 100],[1736, 100],[1748, 100],[1760, 100],[1772, 100],[1784, 100],[1796, 100],[1808, 100],[1820, 100],[1832, 100],[1844, 100],[1855, 100],[1867, 100],[1879, 100],[1891, 100],[1903, 100],[1915, 100],[1927, 100],[1939, 100],[1951, 100],[1963, 100],[1975, 100],[1987, 100],[1999, 100],[2011, 100],[2023, 100],[2035, 100],[2047, 100],[2059, 100],[2071, 100],[2083, 100],[2095, 100],[2107, 100],[2119, 100],[2131, 100],[2143, 100],[2155, 100],[2167, 100],[2179, 100],[2191, 100],[2203, 100],[2215, 100],[2227, 100],[2239, 100],[2251, 100],[2263, 100],[2275, 100],[2287, 100],[2299, 100],[2311, 100],[2323, 100],[2335, 100],[2347, 100],[2359, 100],[2371, 100],[2383, 100],[2395, 100],[2407, 100],[2419, 100],[2431, 100],[2443, 100],[2455, 100],[2467, 100],[2479, 100],[2491, 100],[2503, 100],[2515, 100],[2527, 100],[2539, 100],[2551, 100],[2563, 100],[2575, 100],[2587, 100],[2599, 100],[2611, 100],[2623, 100],[2635, 100],[2647, 100],[2659, 100],[2671, 100],[2683, 100],[2695, 100],[2707, 100],[2719, 100],[2731, 100],[2743, 100],[2755, 100],[2767, 100],[2779, 100],[2791, 100],[2803, 100],[2815, 100],[2827, 100],[2839, 100],[2851, 100],[2863, 100],[2875, 100],[2887, 100],[2899, 100],[2911, 100],[2923, 100],[2935, 100],[2947, 100],[2959, 100],[2971, 100],[2983, 100],[2995, 100],[3007, 100],[3019, 100],[3031, 100],[3043, 100],[3055, 100],[3067, 100],[3079, 100],[3091, 100],[3102, 100],[3114, 100],[3126, 100],[3138, 100],[3150, 100],[3162, 100],[3174, 100],[3186, 100],[3198, 100],[3210, 100],[3222, 100],[3234, 100],[3246, 100],[3258, 100],[3270, 100],[3282, 100],[3294, 100],[3306, 100],[3318, 100],[3330, 100],[3342, 100],[3354, 100],[3366, 100],[3378, 100],[3390, 100],[3402, 100],[3414, 100],[3426, 100],[3438, 100],[3450, 100],[3462, 100],[3474, 100],[3486, 100],[3498, 100],[3510, 100],[3522, 100],[3534, 100],[3546, 100],[3558, 100],[3570, 100],[3582, 100],[3594, 100],[3606, 100],[3618, 100],[3630, 100],[3642, 100],[3654, 100],[3666, 100],[3678, 100],[3690, 100],[3702, 100],[3714, 100],[3726, 100],[3738, 100],[3750, 100],[3762, 100],[3774, 100],[3786, 100],[3798, 100],[3810, 100],[3822, 100],[3834, 100],[3846, 100],[3858, 100],[3870, 100],[3882, 100],[3894, 100],[3906, 100],[3918, 100],[3930, 100],[3942, 100],[3954, 100],[3966, 100],[3978, 100],[3990, 100],[4002, 100],[4014, 100],[4026, 100],[4038, 100],[4050, 100],[4062, 100],[4074, 100],[4086, 100],[4098, 100],[4110, 100],[4122, 100],[4134, 100],[4146, 100],[4158, 100],[4170, 100],[4182, 100],[4194, 100],[4206, 100],[4218, 100],[4230, 100],[4242, 100],[4254, 100],[4266, 100],[4278, 100],[4290, 100],[4302, 100],[4314, 100],[4326, 100],[4338, 100],[4350, 100],[4361, 100],[4373, 100],[4385, 100],[4397, 100],[4409, 100],[4421, 100],[4433, 100],[4445, 100],[4457, 100],[4469, 100],[4481, 100],[4493, 100],[4505, 100],[4517, 100],[4529, 100],[4541, 100],[4553, 100],[4565, 100],[4577, 100],[4589, 100],[4601, 100],[4613, 100],[4625, 100],[4637, 100],[4649, 100],[4661, 100],[4673, 100],[4685, 100],[4697, 100],[4709, 100],[4721, 100],[4733, 100],[4745, 100],[4757, 100],[4769, 100],[4781, 100],[4793, 100],[4805, 100],[4817, 100],[4829, 100],[4841, 100],[4853, 100],[4865, 100],[4877, 100],[4889, 100],[4901, 100],[4913, 100],[4925, 100],[4937, 100],[4949, 100],[4961, 100],[4973, 100],[4985, 100],[4997, 100],[5009, 100],[5021, 100],[5033, 100],[5045, 100],[5057, 100],[5069, 100],[5081, 100],[5093, 100],[5105, 100],[5117, 100],[5129, 100],[5141, 100],[5153, 100],[5165, 100],[5177, 100],[5189, 100],[5201, 100],[5213, 100],[5225, 100],[5237, 100],[5249, 100],[5261, 100],[5273, 100],[5285, 100],[5297, 100],[5309, 100],[5321, 100],[5333, 100],[5345, 100],[5357, 100],[5369, 100],[5381, 100],[5393, 100],[5405, 100],[5417, 100],[5429, 100],[5441, 100],[5453, 100],[5465, 100],[5477, 100],[5489, 100],[5501, 100],[5513, 100],[5525, 100],[5537, 100],[5549, 100],[5561, 100],[5573, 100],[5585, 100],[5597, 100],[5608, 100],[5620, 100],[5632, 100],[5644, 100],[5656, 100],[5668, 100],[5680, 100],[5692, 100],[5704, 100],[5716, 100],[5728, 100],[5740, 100],[5752, 100],[5764, 100],[5776, 100],[5788, 100],[5800, 100],[5812, 100],[5824, 100],[5836, 100],[5848, 100],[5860, 100],[5872, 100],[5884, 100],[5896, 100],[5908, 100],[5920, 100],[5932, 100],[5944, 100],[5956, 100],[5968, 100],[5980, 100],[5992, 100],[6004, 100],[6016, 100],[6028, 100],[6040, 100],[6052, 100],[6064, 100],[6076, 100],[6088, 100],[6100, 100],[6112, 100],[6124, 100],[6136, 100],[6148, 100],[6160, 100],[6172, 100],[6184, 100],[6196, 100],[6208, 100],[6220, 100],[6233, 100],[6247, 100],[6260, 101],[6274, 101],[6287, 102],[6301, 103],[6314, 104],[6327, 105],[6341, 107],[6354, 108],[6367, 110],[6381, 112],[6394, 114],[6407, 116],[6420, 118],[6434, 121],[6447, 123],[6460, 126],[6473, 129],[6486, 132],[6499, 135],[6512, 139],[6525, 142],[6538, 146],[6551, 150],[6564, 154],[6576, 158],[6589, 163],[6602, 167],[6614, 172],[6627, 176],[6639, 181],[6652, 187],[6664, 192],[6676, 197],[6689, 203],[6701, 208],[6713, 214],[6725, 220],[6737, 226],[6749, 233],[6761, 239],[6772, 246],[6784, 252],[6795, 259],[6807, 266],[6818, 273],[6830, 280],[6841, 288],[6852, 295],[6863, 303],[6874, 311],[6885, 319],[6896, 327],[6906, 335],[6917, 343],[6927, 352],[6938, 360],[6948, 369],[6958, 378],[6968, 386],[6978, 396],[6988, 405],[6998, 414],[7007, 423],[7017, 433],[7026, 442],[7035, 452],[7044, 462],[7054, 472],[7062, 482],[7071, 492],[7080, 502],[7088, 513],[7097, 523],[7105, 534],[7113, 544],[7121, 555],[7129, 566],[7137, 577],[7145, 588],[7152, 599],[7160, 610],[7167, 622],[7174, 633],[7181, 645],[7188, 656],[7194, 668],[7201, 679],[7207, 691],[7214, 703],[7220, 715],[7226, 727],[7232, 739],[7237, 751],[7243, 764],[7248, 776],[7253, 788],[7259, 801],[7264, 813],[7268, 826],[7273, 838],[7277, 851],[7282, 864],[7286, 876],[7290, 889],[7294, 902],[7298, 915],[7301, 928],[7305, 941],[7308, 954],[7311, 967],[7314, 980],[7317, 993],[7319, 1006],[7322, 1020],[7324, 1033],[7326, 1046],[7328, 1059],[7330, 1073],[7332, 1086],[7333, 1099],[7335, 1113],[7336, 1126],[7337, 1139],[7338, 1153],[7339, 1166],[7339, 1180],[7340, 1193],[7340, 1207],[7340, 1220],[7340, 1233],[7340, 1247],[7339, 1260],[7339, 1274],[7338, 1287],[7337, 1301],[7336, 1314],[7335, 1327],[7333, 1341],[7332, 1354],[7330, 1367],[7328, 1381],[7326, 1394],[7324, 1407],[7322, 1420],[7319, 1434],[7317, 1447],[7314, 1460],[7311, 1473],[7308, 1486],[7305, 1499],[7301, 1512],[7298, 1525],[7294, 1538],[7290, 1551],[7286, 1564],[7282, 1576],[7277, 1589],[7273, 1602],[7268, 1614],[7264, 1627],[7259, 1639],[7253, 1652],[7248, 1664],[7243, 1676],[7237, 1689],[7232, 1701],[7226, 1713],[7220, 1725],[7214, 1737],[7207, 1749],[7201, 1761],[7194, 1772],[7188, 1784],[7181, 1795],[7174, 1807],[7167, 1818],[7160, 1830],[7152, 1841],[7145, 1852],[7137, 1863],[7129, 1874],[7121, 1885],[7113, 1896],[7105, 1906],[7097, 1917],[7088, 1927],[7080, 1938],[7071, 1948],[7062, 1958],[7054, 1968],[7044, 1978],[7035, 1988],[7026, 1998],[7017, 2007],[7007, 2017],[6998, 2026],[6988, 2035],[6978, 2044],[6968, 2054],[6958, 2062],[6948, 2071],[6938, 2080],[6927, 2088],[6917, 2097],[6906, 2105],[6896, 2113],[6885, 2121],[6874, 2129],[6863, 2137],[6852, 2145],[6841, 2152],[6830, 2160],[6818, 2167],[6807, 2174],[6795, 2181],[6784, 2188],[6772, 2194],[6761, 2201],[6749, 2207],[6737, 2214],[6725, 2220],[6713, 2226],[6701, 2232],[6689, 2237],[6676, 2243],[6664, 2248],[6652, 2253],[6639, 2259],[6627, 2264],[6614, 2268],[6602, 2273],[6589, 2277],[6576, 2282],[6564, 2286],[6551, 2290],[6538, 2294],[6525, 2298],[6512, 2301],[6499, 2305],[6486, 2308],[6473, 2311],[6460, 2314],[6447, 2317],[6434, 2319],[6420, 2322],[6407, 2324],[6394, 2326],[6381, 2328],[6367, 2330],[6354, 2332],[6341, 2333],[6327, 2335],[6314, 2336],[6301, 2337],[6287, 2338],[6274, 2339],[6260, 2339],[6247, 2340],[6233, 2340],[6220, 2340],[6208, 2340],[6196, 2340],[6184, 2340],[6172, 2340],[6160, 2340],[6148, 2340],[6136, 2340],[6124, 2340],[6112, 2340],[6100, 2340],[6088, 2340],[6076, 2340],[6064, 2340],[6052, 2340],[6040, 2340],[6028, 2340],[6016, 2340],[6004, 2340],[5992, 2340],[5980, 2340],[5968, 2340],[5956, 2340],[5944, 2340],[5932, 2340],[5920, 2340],[5908, 2340],[5896, 2340],[5884, 2340],[5872, 2340],[5860, 2340],[5848, 2340],[5836, 2340],[5824, 2340],[5812, 2340],[5800, 2340],[5788, 2340],[5776, 2340],[5764, 2340],[5752, 2340],[5740, 2340],[5728, 2340],[5716, 2340],[5704, 2340],[5692, 2340],[5680, 2340],[5668, 2340],[5656, 2340],[5644, 2340],[5632, 2340],[5620, 2340],[5608, 2340],[5597, 2340],[5585, 2340],[5573, 2340],[5561, 2340],[5549, 2340],[5537, 2340],[5525, 2340],[5513, 2340],[5501, 2340],[5489, 2340],[5477, 2340],[5465, 2340],[5453, 2340],[5441, 2340],[5429, 2340],[5417, 2340],[5405, 2340],[5393, 2340],[5381, 2340],[5369, 2340],[5357, 2340],[5345, 2340],[5333, 2340],[5321, 2340],[5309, 2340],[5297, 2340],[5285, 2340],[5273, 2340],[5261, 2340],[5249, 2340],[5237, 2340],[5225, 2340],[5213, 2340],[5201, 2340],[5189, 2340],[5177, 2340],[5165, 2340],[5153, 2340],[5141, 2340],[5129, 2340],[5117, 2340],[5105, 2340],[5093, 2340],[5081, 2340],[5069, 2340],[5057, 2340],[5045, 2340],[5033, 2340],[5021, 2340],[5009, 2340],[4997, 2340],[4985, 2340],[4973, 2340],[4961, 2340],[4949, 2340],[4937, 2340],[4925, 2340],[4913, 2340],[4901, 2340],[4889, 2340],[4877, 2340],[4865, 2340],[4853, 2340],[4841, 2340],[4829, 2340],[4817, 2340],[4805, 2340],[4793, 2340],[4781, 2340],[4769, 2340],[4757, 2340],[4745, 2340],[4733, 2340],[4721, 2340],[4709, 2340],[4697, 2340],[4685, 2340],[4673, 2340],[4661, 2340],[4649, 2340],[4637, 2340],[4625, 2340],[4613, 2340],[4601, 2340],[4589, 2340],[4577, 2340],[4565, 2340],[4553, 2340],[4541, 2340],[4529, 2340],[4517, 2340],[4505, 2340],[4493, 2340],[4481, 2340],[4469, 2340],[4457, 2340],[4445, 2340],[4433, 2340],[4421, 2340],[4409, 2340],[4397, 2340],[4385, 2340],[4373, 2340],[4361, 2340],[4350, 2340],[4338, 2340],[4326, 2340],[4314, 2340],[4302, 2340],[4290, 2340],[4278, 2340],[4266, 2340],[4254, 2340],[4242, 2340],[4230, 2340],[4218, 2340],[4206, 2340],[4194, 2340],[4182, 2340],[4170, 2340],[4158, 2340],[4146, 2340],[4134, 2340],[4122, 2340],[4110, 2340],[4098, 2340],[4086, 2340],[4074, 2340],[4062, 2340],[4050, 2340],[4038, 2340],[4026, 2340],[4014, 2340],[4002, 2340],[3990, 2340],[3978, 2340],[3966, 2340],[3954, 2340],[3942, 2340],[3930, 2340],[3918, 2340],[3906, 2340],[3894, 2340],[3882, 2340],[3870, 2340],[3858, 2340],[3846, 2340],[3834, 2340],[3822, 2340],[3810, 2340],[3798, 2340],[3786, 2340],[3774, 2340],[3762, 2340],[3750, 2340],[3738, 2340],[3726, 2340],[3714, 2340],[3702, 2340],[3690, 2340],[3678, 2340],[3666, 2340],[3654, 2340],[3642, 2340],[3630, 2340],[3618, 2340],[3606, 2340],[3594, 2340],[3582, 2340],[3570, 2340],[3558, 2340],[3546, 2340],[3534, 2340],[3522, 2340],[3510, 2340],[3498, 2340],[3486, 2340],[3474, 2340],[3462, 2340],[3450, 2340],[3438, 2340],[3426, 2340],[3414, 2340],[3402, 2340],[3390, 2340],[3378, 2340],[3366, 2340],[3354, 2340],[3342, 2340],[3330, 2340],[3318, 2340],[3306, 2340],[3294, 2340],[3282, 2340],[3270, 2340],[3258, 2340],[3246, 2340],[3234, 2340],[3222, 2340],[3210, 2340],[3198, 2340],[3186, 2340],[3174, 2340],[3162, 2340],[3150, 2340],[3138, 2340],[3126, 2340],[3114, 2340],[3102, 2340],[3091, 2340],[3079, 2340],[3067, 2340],[3055, 2340],[3043, 2340],[3031, 2340],[3019, 2340],[3007, 2340],[2995, 2340],[2983, 2340],[2971, 2340],[2959, 2340],[2947, 2340],[2935, 2340],[2923, 2340],[2911, 2340],[2899, 2340],[2887, 2340],[2875, 2340],[2863, 2340],[2851, 2340],[2839, 2340],[2827, 2340],[2815, 2340],[2803, 2340],[2791, 2340],[2779, 2340],[2767, 2340],[2755, 2340],[2743, 2340],[2731, 2340],[2719, 2340],[2707, 2340],[2695, 2340],[2683, 2340],[2671, 2340],[2659, 2340],[2647, 2340],[2635, 2340],[2623, 2340],[2611, 2340],[2599, 2340],[2587, 2340],[2575, 2340],[2563, 2340],[2551, 2340],[2539, 2340],[2527, 2340],[2515, 2340],[2503, 2340],[2491, 2340],[2479, 2340],[2467, 2340],[2455, 2340],[2443, 2340],[2431, 2340],[2419, 2340],[2407, 2340],[2395, 2340],[2383, 2340],[2371, 2340],[2359, 2340],[2347, 2340],[2335, 2340],[2323, 2340],[2311, 2340],[2299, 2340],[2287, 2340],[2275, 2340],[2263, 2340],[2251, 2340],[2239, 2340],[2227, 2340],[2215, 2340],[2203, 2340],[2191, 2340],[2179, 2340],[2167, 2340],[2155, 2340],[2143, 2340],[2131, 2340],[2119, 2340],[2107, 2340],[2095, 2340],[2083, 2340],[2071, 2340],[2059, 2340],[2047, 2340],[2035, 2340],[2023, 2340],[2011, 2340],[1999, 2340],[1987, 2340],[1975, 2340],[1963, 2340],[1951, 2340],[1939, 2340],[1927, 2340],[1915, 2340],[1903, 2340],[1891, 2340],[1879, 2340],[1867, 2340],[1855, 2340],[1844, 2340],[1832, 2340],[1820, 2340],[1808, 2340],[1796, 2340],[1784, 2340],[1772, 2340],[1760, 2340],[1748, 2340],[1736, 2340],[1724, 2340],[1712, 2340],[1700, 2340],[1688, 2340],[1676, 2340],[1664, 2340],[1652, 2340],[1640, 2340],[1628, 2340],[1616, 2340],[1604, 2340],[1592, 2340],[1580, 2340],[1568, 2340],[1556, 2340],[1544, 2340],[1532, 2340],[1520, 2340],[1508, 2340],[1496, 2340],[1484, 2340],[1472, 2340],[1460, 2340],[1448, 2340],[1436, 2340],[1424, 2340],[1412, 2340],[1400, 2340],[1388, 2340],[1376, 2340],[1364, 2340],[1352, 2340],[1340, 2340],[1328, 2340],[1316, 2340],[1304, 2340],[1292, 2340],[1280, 2340],[1268, 2340],[1256, 2340],[1244, 2340],[1232, 2340],[1220, 2340],[1207, 2340],[1193, 2340],[1180, 2339],[1166, 2339],[1153, 2338],[1139, 2337],[1126, 2336],[1113, 2335],[1099, 2333],[1086, 2332],[1073, 2330],[1059, 2328],[1046, 2326],[1033, 2324],[1020, 2322],[1006, 2319],[993, 2317],[980, 2314],[967, 2311],[954, 2308],[941, 2305],[928, 2301],[915, 2298],[902, 2294],[889, 2290],[876, 2286],[864, 2282],[851, 2277],[838, 2273],[826, 2268],[813, 2264],[801, 2259],[788, 2253],[776, 2248],[764, 2243],[751, 2237],[739, 2232],[727, 2226],[715, 2220],[703, 2214],[691, 2207],[679, 2201],[668, 2194],[656, 2188],[645, 2181],[633, 2174],[622, 2167],[610, 2160],[599, 2152],[588, 2145],[577, 2137],[566, 2129],[555, 2121],[544, 2113],[534, 2105],[523, 2097],[513, 2088],[502, 2080],[492, 2071],[482, 2062],[472, 2054],[462, 2044],[452, 2035],[442, 2026],[433, 2017],[423, 2007],[414, 1998],[405, 1988],[396, 1978],[386, 1968],[378, 1958],[369, 1948],[360, 1938],[352, 1927],[343, 1917],[335, 1906],[327, 1896],[319, 1885],[311, 1874],[303, 1863],[295, 1852],[288, 1841],[280, 1830],[273, 1818],[266, 1807],[259, 1795],[252, 1784],[246, 1772],[239, 1761],[233, 1749],[226, 1737],[220, 1725],[214, 1713],[208, 1701],[203, 1689],[197, 1676],[192, 1664],[187, 1652],[181, 1639],[176, 1627],[172, 1614],[167, 1602],[163, 1589],[158, 1576],[154, 1564],[150, 1551],[146, 1538],[142, 1525],[139, 1512],[135, 1499],[132, 1486],[129, 1473],[126, 1460],[123, 1447],[121, 1434],[118, 1420],[116, 1407],[114, 1394],[112, 1381],[110, 1367],[108, 1354],[107, 1341],[105, 1327],[104, 1314],[103, 1301],[102, 1287],[101, 1274],[101, 1260],[100, 1247],[100, 1233],[100, 1220],[100, 1207],[100, 1193],[101, 1180],[101, 1166],[102, 1153],[103, 1139],[104, 1126],[105, 1113],[107, 1099],[108, 1086],[110, 1073],[112, 1059],[114, 1046],[116, 1033],[118, 1020],[121, 1006],[123, 993],[126, 980],[129, 967],[132, 954],[135, 941],[139, 928],[142, 915],[146, 902],[150, 889],[154, 876],[158, 864],[163, 851],[167, 838],[172, 826],[176, 813],[181, 801],[187, 788],[192, 776],[197, 764],[203, 751],[208, 739],[214, 727],[220, 715],[226, 703],[233, 691],[239, 679],[246, 668],[252, 656],[259, 645],[266, 633],[273, 622],[280, 610],[288, 599],[295, 588],[303, 577],[311, 566],[319, 555],[327, 544],[335, 534],[343, 523],[352, 513],[360, 502],[369, 492],[378, 482],[386, 472],[396, 462],[405, 452],[414, 442],[423, 433],[433, 423],[442, 414],[452, 405],[462, 396],[472, 386],[482, 378],[492, 369],[502, 360],[513, 352],[523, 343],[534, 335],[544, 327],[555, 319],[566, 311],[577, 303],[588, 295],[599, 288],[610, 280],[622, 273],[633, 266],[645, 259],[656, 252],[668, 246],[679, 239],[691, 233],[703, 226],[715, 220],[727, 214],[739, 208],[751, 203],[764, 197],[776, 192],[788, 187],[801, 181],[813, 176],[826, 172],[838, 167],[851, 163],[864, 158],[876, 154],[889, 150],[902, 146],[915, 142],[928, 139],[941, 135],[954, 132],[967, 129],[980, 126],[993, 123],[1006, 121],[1020, 118],[1033, 116],[1046, 114],[1059, 112],[1073, 110],[1086, 108],[1099, 107],[1113, 105],[1126, 104],[1139, 103],[1153, 102],[1166, 101],[1180, 101],[1193, 100],[1207, 100],[1219, 100]]
[[1472, 340],[1472, 100]]
[[2479, 340],[2479, 100]]
[[3486, 340],[3486, 100]]
[[4493, 340],[4493, 100]]
[[5501, 340],[5501, 100]]
[[6470, 376],[6538, 146]]
[[7067, 980],[7298, 915]]
[[6875, 1808],[7054, 1968]]
[[6052, 2100],[6052, 2340]]
[[5045, 2100],[5045, 2340]]
[[4038, 2100],[4038, 2340]]
[[3031, 2100],[3031, 2340]]
[[2023, 2100],[2023, 2340]]
[[1042, 2082],[993, 2317]]
[[396, 1530],[172, 1614]]
[[518, 689],[327, 544]]
[[1073, 352],[1033, 116]]
[[1220, 340],[1220, 100]]
